0 0.65 0 0.6274706640625001 0 0.5732344546875 0.459375 0.643724459375 0.459375 0.65 0.4082775609375 0.65 0
0 0.556645390625 0 0.4882994015625 0.459375 0.5672001796874999 0.459375 0.6366448484375 0 0.556645390625 0
0 0.42111418437500003 0 0.42312667656249997 0.459375 0.49209802031249994 0.459375 0.48675053437500004 0 0.42111418437500003 0
0 0.355032253125 0 0.40445804531249996 0.459375 0.46213869687500003 0.459375 0.4152636125 0 0.355032253125 0
0 0.2803429296875 0 0.332982325 0.459375 0.4199258890625 0.459375 0.4199258890625 0.4565121125 0.3689639390625 0 0.2803429296875 0
0 0.27491809218749996 0 0.236372428125 0.459375 0.31535472656249997 0.459375 0.353231971875 0 0.27491809218749996 0
0 0.1002929515625 0 0.23473017031249999 0.459375 0.29669189375 0.459375 0.1646897703125 0 0.1002929515625 0
0 0.078825121875 0 0.0578125 0.176482496875 0.0578125 0.459375 0.098704828125 0.459375 0.153371284375 0 0.078825121875 0
0 0.026098075 0 0 0.12553221406249998 0 0.459375 0.000048796875 0.459375 0.096653384375 0 0.026098075 0
0 0.69908458125 0 0.65 0.082518784375 0.65 0.3070533640625 0.8383465046874999 0 0.69908458125 0
0 0.79943035625 0 0.79375 0.0759778 0.79375 0.10049535000000001 0.794388646875 0.10187299062499999 0.9910029078125 0.1367464875 1 0.1378940390625 1 0.014162274999999998 0.8945236375000001 0 0.79943035625 0
0 1 0.118484403125 0.7515625 0.118484403125 0.7515625 0.12276184999999999 0.767219640625 0.2651224671875 0.7729166828125 0.26875 0.9991130265624999 0.26875 1 0.26874698124999996 1 0.118484403125
0 1 0.2809588453125 0.8735294281249999 0.2866051875 0.7771255890625 0.29605525625 0.771875 0.3000249421875 0.771875 0.339131403125 0.77404959375 0.41872200312499996 0.7794186640625 0.421875 0.834081325 0.421875 1 0.4183225734375 1 0.2809588453125
0 0.65 0.459375 0.621249234375 0.459375 0.619321765625 0.4721251625 0.6207778625 0.4754588578125 0.5818476890625 0.7329811265625 0.5833037859375 0.736314821875 0.5578125 0.9049391265625001 0.5578125 0.9104635999999999 0.55937623125 0.9140437171875 0.564854325 0.915625 0.6345994859374999 0.915625 0.64487101875 0.8476790328125 0.643414921875 0.8443453375000001 0.65 0.8007851875 0.65 0.459375
0 0.5041178046875 0.459375 0.5056495187500001 0.590956671875 0.507642540625 0.59407698125 0.509221509375 0.7297179781249999 0.51121453125 0.7328382859375 0.5132341421875 0.9063325843750001 0.5152291640625 0.9125 0.5830798765625 0.9125 0.5875736390624999 0.9050355140625002 0.58658219375 0.819865584375 0.584589171875 0.8167452765625001 0.5864720328125 0.8104022593749999 0.5862884312500001 0.79463005 0.5842586890625 0.7883553 0.5861782718749999 0.7851667250000001 0.58595795 0.766240071875 0.5839282078125 0.7599653234374999 0.5858477890625 0.7567767484375001 0.5857743484375 0.7504678625000001 0.5837813281249999 0.74734755625 0.5804291015625 0.459375 0.5041178046875 0.459375
0 0.45985994531249996 0.459375 0.472614921875 0.5784401203125 0.5041000578125 0.8470317749999999 0.5126453046874999 0.9070167781249999 0.519017321875 0.9109375 0.53644169375 0.9109375 0.554905396875 0.9102867359375001 0.5611787140625 0.9053061937500001 0.5071397203125 0.459375 0.45985994531249996 0.459375
0 0.386474821875 0.459375 0.43512602187500005 0.8173493484375 0.44072593125 0.84837405 0.4572061625 0.9171875 0.501190865625 0.9171875 0.5078125 0.9157604375 0.5078125 0.7542965125000001 0.47433432968749994 0.4789898828125 0.47187442187500006 0.459375 0.386474821875 0.459375
0 0.2916295953125 0.459375 0.35747409218750004 0.9046875 0.35755774218749997 0.9046875 0.35755774218749997 0.5320514140625 0.347078953125 0.459375 0.2916295953125 0.459375
0 0.1552465203125 0.459375 0.2604183578125 0.656514528125 0.35220957343750003 0.8241232281249999 0.3813274296875 0.8749382828125001 0.3913975046875 0.8884845359375 0.39550348125 0.8921875 0.4065989421875 0.8921875 0.409230275 0.8897939796875001 0.409230275 0.7820729421875 0.40894355625 0.781532415625 0.23115352812499998 0.459375 0.1552465203125 0.459375
0 0.072081546875 0.459375 0.0671875 0.5035538093749999 0.0671875 0.9171875 0.0748677375 0.9171875 0.085254234375 0.9156796093749999 0.0906637484375 0.9113648125000001 0.0933406703125 0.9052408171875002 0.1447039328125 0.459375 0.072081546875 0.459375
0 0 0.459375 0 0.85398843125 0.0818171734375 0.459375 0 0.459375
0 1 0.469921875 0.8732931921875 0.469921875 0.8630175156250001 0.4728515625 0.8630175156250001 0.4787109375 0.8703572859375001 0.48359375 1 0.48359375 1 0.469921875
0 1 0.459375 0.8627239250000001 0.459375 0.8600816078125 0.4611328125 0.8600816078125 0.4689453125 0.8644854703125 0.471875 1 0.471875 1 0.459375
0 0.67218351875 0.459375 0.67218351875 0.4611328125 0.67658738125 0.466015625 0.7617287015625 0.466015625 0.8586136546875001 0.46015625 0.8586136546875001 0.459375 0.67218351875 0.459375
0 0.8600816078125 0.4689453125 0.67658738125 0.46796875 0.67218351875 0.4708984375 0.67218351875 0.4806640625 0.67658738125 0.48359375 0.8586136546875001 0.48359375 0.8630175156250001 0.4787109375 0.8600816078125 0.4689453125
0 1 1 1 0.8712686906249999 0.9936654062500001 0.86640625 0.987793590625 0.864453125 0.9701781453125001 0.864453125 0.9628383765624999 0.8673828125 0.9628383765624999 0.8693359375 0.968710190625 0.8732421875 0.9716460984375 0.8791015625 0.9833897296874999 0.8849609375 0.9863256375 0.8888671875 0.9863256375 1 1 1
0 0.9863256375 1 0.9863256375 0.8908203125 0.973114053125 0.880078125 0.9716460984375 0.8869140625 0.968710190625 0.8888671875 0.968710190625 0.8966796875 0.9716460984375 0.8986328125 0.9716460984375 1 0.9863256375 1
0 0.97458200625 1 0.97458200625 0.9962890625 0.9716460984375 0.9943359375 0.9716460984375 0.9103515625 0.968710190625 0.9083984375 0.968710190625 0.8830078125 0.9716460984375 0.8791015625 0.9525627 0.8625 0.94081906875 0.860546875 0.9334792999999999 0.8634765625 0.9334792999999999 0.8693359375 0.9481588375 0.8791015625 0.9481588375 0.8830078125 0.9510947453125 0.8849609375 0.954030653125 0.9943359375 0.9569665609375001 0.9962890625 0.9569665609375001 1 0.97458200625 1
0 0.954030653125 1 0.954030653125 0.9318359375 0.9510947453125 0.9298828125 0.9510947453125 0.8849609375 0.9481588375 0.8830078125 0.9481588375 0.8791015625 0.9320113453125 0.868359375 0.9232036234375001 0.868359375 0.9187997609374999 0.8712890625 0.9246715765625 0.8791015625 0.9246715765625 0.9044921875 0.927607484375 0.9064453125 0.9290754375000001 0.919140625 0.930543390625 0.9005859375 0.9334792999999999 0.8986328125 0.930543390625 0.8966796875 0.930543390625 0.8888671875 0.934947253125 0.887890625 0.9393511140624999 0.8927734375 0.9420830015625 1 0.954030653125 1
0 0.9422870218749999 1 0.9422870218749999 0.9201171875 0.9393511140624999 0.9181640625 0.9393511140624999 0.8849609375 0.9422870218749999 0.8830078125 0.9422870218749999 0.8751953125 0.9320113453125 0.868359375 0.9232036234375001 0.868359375 0.9187997609374999 0.8712890625 0.9246715765625 0.8771484375 0.927387290625 1 0.9422870218749999 1
0 0.9187997609374999 1 0.9187997609374999 0.9845703125 0.9158638531250001 0.9826171875 0.9158638531250001 0.9181640625 0.9129279468749999 0.9162109375 0.9129279468749999 0.8830078125 0.9070561296874999 0.8751953125 0.893844546875 0.868359375 0.8732931921875 0.868359375 0.8659534234375 0.8712890625 0.8659534234375 0.8751953125 0.874761146875 0.8810546875 0.874761146875 0.8869140625 0.8776970546874999 0.8888671875 0.8830003281250001 1 0.9187997609374999 1
0 0.868590846875 1 0.8659534234375 0.8947265625 0.8630175156250001 0.8927734375 0.8630175156250001 0.8751953125 0.8600816078125 0.8732421875 0.8600816078125 0.8654296875 0.8527418390625 0.864453125 0.8468700234375 0.86640625 0.8409982093749999 0.8625 0.836594346875 0.8654296875 0.836594346875 0.8693359375 0.8424661625000001 0.8771484375 0.8454020703125 0.9845703125 0.8483379781250001 0.9865234375 0.8483379781250001 1 0.868590846875 1
0 0.8424661625000001 1 0.8424661625000001 0.9650390625 0.8395302546875 0.9611328125 0.8424661625000001 0.9572265625 0.8395302546875 0.9533203125 0.8424661625000001 0.9513671875 0.8395302546875 0.9494140625 0.8395302546875 0.9279296875 0.836594346875 0.9259765625 0.836594346875 0.9181640625 0.8336584390624999 0.9162109375 0.8336584390624999 0.8693359375 0.8307225328125 0.8673828125 0.8307225328125 0.8615234375 0.8263186703125 0.85859375 0.8175109468749999 0.85859375 0.8189789015625 0.9142578125 0.821914809375 0.9162109375 0.821914809375 0.9494140625 0.824850715625 0.9513671875 0.824850715625 0.9904296875 0.8277866234375001 0.9923828125 0.8277866234375001 1 0.8424661625000001 1
0 0.8274930328125001 1 0.824850715625 0.9982421875 0.824850715625 0.9494140625 0.821914809375 0.9474609375 0.821914809375 0.9083984375 0.8189789015625 0.9064453125 0.8189789015625 0.8673828125 0.8116391328124999 0.860546875 0.808703225 0.860546875 0.8072352703125001 0.9162109375 0.810171178125 0.9181640625 0.810171178125 0.9787109375 0.8131070859375 0.9806640625 0.8131070859375 1 0.8274930328125001 1
0 0.65 0.9893972109375 0.7734723328124999 0.985546875 0.7808121015625 0.9767578125 0.7793441484375 0.946484375 0.65 0.9488099625 0.65 0.9893972109375
0 0.65 0.9495181703124999 0.7617287015625 0.946484375 0.783748009375 0.9435546875 0.7822800562500001 0.92890625 0.65 0.9300954375 0.65 0.9495181703124999
0 0.65 0.9314518812500001 0.770536425 0.92890625 0.7749402859375 0.9123046875 0.7720043796875 0.9025390625 0.65 0.9031493171874999 0.65 0.9314518812500001
0 0.65 0.903515625 0.658971934375 0.903515625 0.770536425 0.9015625 0.7793441484375 0.899609375 0.7808121015625 0.8556640625 0.77787619375 0.8498046875 0.764664609375 0.8390625 0.65 0.8390625 0.65 0.903515625
0 1 0.7635421250000001 0.8116391328124999 0.766796875 0.8072352703125001 0.7697265625 0.8072352703125001 0.8126953125 0.8145750390625001 0.817578125 0.9143959 0.81953125 0.9848576828125001 0.81953125 1 0.8184708828125 1 0.7635421250000001
0 1 0.74921875 0.9466908843749999 0.74921875 0.808703225 0.753125 0.8072352703125001 0.7658203125 0.8821009156249999 0.766796875 1 0.76409229375 1 0.74921875
0 1 0.72835635 0.9261395296874999 0.727734375 0.8145750390625001 0.7296875 0.8072352703125001 0.7326171875 0.8072352703125001 0.7521484375 1 0.7496339750000001 1 0.72835635
0 1 0.7068931484375 0.808703225 0.71015625 0.8072352703125001 0.7287109375 0.908524084375 0.7296875 1 0.72816613125 1 0.7068931484375
0 1 0.6793884 0.808703225 0.684765625 0.8072352703125001 0.7072265625 0.9672422375 0.708203125 1 0.7072556359375 1 0.6793884
0 1 0.6653973875 0.8116391328124999 0.6671875 0.8072352703125001 0.6701171875 0.8072352703125001 0.6818359375 0.934947253125 0.6828125 0.9936654062500001 0.680859375 1 0.6803326109375 1 0.6653973875
0 1 0.6535997390625 0.8145750390625001 0.65546875 0.8072352703125001 0.6583984375 0.8072352703125001 0.6662109375 0.8116391328124999 0.669140625 0.9789858671874999 0.6671875 1 0.6659166140625 1 0.6535997390625
0 1 0.6274855484375 0.8116391328124999 0.630078125 0.8072352703125001 0.6330078125 0.8072352703125001 0.6486328125 0.8145750390625001 0.6515625 0.8321904859375 0.6515625 1 0.648127546875 1 0.6274855484375
0 1 0.6126103625 0.8116391328124999 0.614453125 0.810171178125 0.6271484375 0.8145750390625001 0.630078125 0.84980593125 0.630078125 1 0.6264447703125 1 0.6126103625
0 1 0.5914887828125 0.8116391328124999 0.594921875 0.8072352703125001 0.5978515625 0.8072352703125001 0.6037109375 0.8116391328124999 0.606640625 1 0.604924078125 1 0.5914887828125
0 1 0.5720039265625 0.8116391328124999 0.575390625 0.810171178125 0.5919921875 1 0.591187828125 1 0.5720039265625