0 0.09375 0.83464045 0.09375 0.10681949375 0.0966796875 0.09776699531250001 0.1064453125 0.09776699531250001 0.109375 0.0887144953125 0.1005859375 0.0796619953125 0.0849609375 0.0760409953125 0.0263671875 0.0760409953125 0.021484375 0.0850934953125 0.025390625 0.9360284453125001 0.0283203125 0.9414599453125 0.0849609375 0.9414599453125 0.091796875 0.9287864453125 0.09375 0.83464045
0 0.095703125 0.11044049375000001 0.095703125 0.9324074453125 0.1064453125 0.9414599453125 0.150390625 0.9396494453124999 0.1689453125 0.9378389453124999 0.173828125 0.9287864453125 0.17578125 0.10681949375 0.1669921875 0.09776699531250001 0.1044921875 0.09776699531250001 0.095703125 0.11044049375000001
0 0.255859375 0.0887144953125 0.2294921875 0.0760409953125 0.1787109375 0.0760409953125 0.17578125 0.11406149375 0.17578125 0.9360284453125001 0.1787109375 0.9414599453125 0.201171875 0.94327044375 0.2412109375 0.9378389453124999 0.24609375 0.9251654453124999 0.240234375 0.11768249374999999 0.2421875 0.10319849375000001 0.2529296875 0.09776699531250001 0.255859375 0.0887144953125
0 0.2421875 0.20096548749999998 0.248046875 0.9360284453125001 0.2529296875 0.9414599453125 0.296875 0.9396494453124999 0.3046875 0.9324074453125 0.302734375 0.11406149375 0.2958984375 0.10138799375 0.2470703125 0.10138799375 0.2421875 0.12130349375 0.2421875 0.20096548749999998
0 0.302734375 0.19372348749999999 0.306640625 0.9324074453125 0.3095703125 0.9378389453124999 0.388671875 0.9360284453125001 0.392578125 0.9324074453125 0.390625 0.11044049375000001 0.3837890625 0.10138799375 0.3056640625 0.10500899374999999 0.302734375 0.11406149375 0.302734375 0.19372348749999999
0 0.392578125 0.248038484375 0.396484375 0.9324074453125 0.4052734375 0.9414599453125 0.466796875 0.9396494453124999 0.47265625 0.9360284453125001 0.474609375 0.907060446875 0.46875 0.0850934953125 0.3955078125 0.0832829953125 0.392578125 0.0995774953125 0.392578125 0.248038484375
0 0.4814453125 0.9414599453125 0.53515625 0.9396494453124999 0.53515625 0.11044049375000001 0.5283203125 0.10138799375 0.4853515625 0.10138799375 0.47265625 0.11044049375000001 0.4765625 0.907060446875 0.4814453125 0.9414599453125
0 0.5390625 0.0850934953125 0.541015625 0.9287864453125 0.5439453125 0.9414599453125 0.5517578125 0.9450809437500001 0.595703125 0.94327044375 0.6103515625 0.9414599453125 0.615234375 0.9287864453125 0.61328125 0.10681949375 0.6064453125 0.0796619953125 0.5419921875 0.0796619953125 0.5390625 0.0850934953125
0 0.6240234375 0.9414599453125 0.6875 0.9396494453124999 0.689453125 0.11044049375000001 0.6845703125 0.10138799375 0.6259765625 0.10138799375 0.619140625 0.11044049375000001 0.619140625 0.9324074453125 0.6240234375 0.9414599453125
0 0.693359375 0.9251654453124999 0.6953125 0.9360284453125001 0.7041015625 0.9450809437500001 0.759765625 0.94327044375 0.763671875 0.9396494453124999 0.763671875 0.11406149375 0.7587890625 0.10138799375 0.7001953125 0.10138799375 0.69140625 0.10681949375 0.693359375 0.9251654453124999
0 0.765625 0.12130349375 0.767578125 0.9215444453125 0.7724609375 0.9342179453125 0.7880859375 0.9450809437500001 0.8515625 0.94327044375 0.85546875 0.9324074453125 0.849609375 0.0814724953125 0.8466796875 0.0760409953125 0.7861328125 0.0760409953125 0.76171875 0.0887144953125 0.765625 0.12130349375
0 0.8916015625 0.2353649859375 0.8515625 0.251659484375 0.853515625 0.371152478125 0.912109375 0.9396494453124999 0.9189453125 0.94870194375 0.931640625 0.94689144375 0.9599609375 0.9414599453125 0.978515625 0.9143024453124999 0.939453125 0.5847914656250001 0.908203125 0.24441748593749998 0.9052734375 0.2353649859375 0.8916015625 0.2353649859375