0 0.45 0 0.45 0.41875 0.5044884265625 0.41875 0.5078243609374999 0 0.45 0
0 0.3918272375 0 0.327143128125 0.41875 0.4147505890625 0.41875 0.48067617343749997 0 0.3918272375 0
0 0.2839504671875 0 0.29071080781249997 0.41875 0.36861299999999997 0.41875 0.3616989421875 0.025125618750000002 0.3611141375 0 0.2839504671875 0
0 0.24918915937500002 0 0.241882821875 0.41875 0.301884178125 0.41875 0.31124356875000003 0 0.24918915937500002 0
0 0.2063317015625 0 0.0979774671875 0.41875 0.1748606375 0.41875 0.2831873875 0 0.2063317015625 0
0 0.0807058359375 0 0.0515625 0.36920119375 0.0515625 0.41875 0.11652123125 0.41875 0.1505578859375 0 0.0807058359375 0
0 0 0 0 0.3176078828125 0.0220052046875 0.41875 0.0942807703125 0.41875 0.00421079375 0 0 0
0 0.9360893000000001 0 0.9385856890625 0.049217539062499996 0.9421080859375 0.05304185625 0.95627618125 0.05625 0.9609003265624999 0.05625 0.964175578125 0.055011970312500005 0.96516569375 0.051200529687499996 0.9616312046874999 0 0.9360893000000001 0
0 0.9105875171875001 0 0.9197305390625001 0.0485393796875 0.92837833125 0.0515625 0.9569491390625 0.0515625 0.9602249578125001 0.0495909640625 0.9602837234375 0.0462242375 0.957903153125 0.0333878421875 0.9474820390625001 0 0.9105875171875001 0
0 0.8640394078125 0 0.8791798734375 0.053192279687499996 0.8874076687500001 0.0546875 0.9018297921875 0.0546875 0.902718746875 0.05425337031250001 0.905370390625 0.03681430625 0.9048457062499999 0 0.8640394078125 0
0 0.825976440625 0 0.821875 0.0376202671875 0.821875 0.0551154765625 0.8373816140624999 0.136285609375 0.8465052375 0.1497490640625 0.8513745984375 0.1515625 0.8945002109375 0.1515625 0.8979387515624999 0.1514824671875 0.9048035484374999 0.148555390625 0.9048035484374999 0.1448784453125 0.8941760484374999 0.05290884999999999 0.886474209375 0 0.825976440625 0
0 0.8026040953125 0 0.7796875 0.051251262500000005 0.7796875 0.06282055625 0.7808316578125 0.064080859375 0.7964377375 0.06875 0.799683825 0.06875 0.8029944953125 0.0677258859375 0.8307605468749999 0 0.8026040953125 0
0 0.7817870765625 0 0.78125 0.0034157703125 0.78125 0.0734375 0.7839975031249999 0.0734375 0.7859718843750001 0.0718047828125 0.7989347453125 0 0.7817870765625 0
0 0.7683629890624999 0 0.75895700625 0.0552734375 0.75895700625 0.0708984375 0.766296775 0.073828125 0.77363654375 0.0708984375 0.7765724515625 0.0630859375 0.7877289015625 0 0.7683629890624999 0
0 0.7457454218749999 0.003515625 0.640052746875 0.003515625 0.6356488859375 0.0064453125 0.6356488859375 0.0123046875 0.640052746875 0.019140625 0.7516172375 0.019140625 0.7618929140625 0.0123046875 0.757489053125 0.007421875 0.7457454218749999 0.003515625
0 0.7428095140625001 0.019140625 0.6459245625000001 0.019140625 0.6415207 0.0220703125 0.6415207 0.0318359375 0.6459245625000001 0.034765625 0.734001790625 0.034765625 0.74427746875 0.0259765625 0.7428095140625001 0.019140625
0 0.734001790625 0.034765625 0.666475915625 0.034765625 0.6459245625000001 0.03671875 0.6444566078125 0.0474609375 0.6488604703125 0.050390625 0.731065884375 0.0484375 0.7354697453125001 0.0455078125 0.734001790625 0.034765625
0 0.7222581609375001 0.0484375 0.6488604703125 0.0484375 0.6415207 0.0533203125 0.6415207 0.0630859375 0.6459245625000001 0.069921875 0.72519406875 0.069921875 0.7325338374999999 0.0650390625 0.731065884375 0.050390625 0.7222581609375001 0.0484375
0 1 0.05234375 0.983553940625 0.05234375 0.8984126187499999 0.054296875 0.896944665625 0.0611328125 0.9013485265625001 0.0640625 1 0.063097378125 1 0.05234375
0 1 0.052743821875 0.904284434375 0.054296875 0.896944665625 0.0572265625 0.896944665625 0.0689453125 0.9013485265625001 0.073828125 1 0.07278640625 1 0.052743821875
0 1 0.0722313203125 0.95125895625 0.071875 0.9072203421874999 0.073828125 0.896944665625 0.0826171875 1 0.082031221875 1 0.0722313203125
0 1 0.0807637421875 0.904284434375 0.08359375 0.8998805734375 0.0884765625 0.90281648125 0.1001953125 0.91015625 0.103125 1 0.10148749531250001 1 0.0807637421875
0 1 0.10034891406249999 0.9072203421874999 0.101171875 0.90281648125 0.1041015625 0.90281648125 0.1138671875 0.91015625 0.11875 1 0.117042315625 1 0.10034891406249999
0 1 0.115223278125 0.916028065625 0.116796875 0.9057523890624999 0.1216796875 0.9057523890624999 0.1275390625 0.9130921578125001 0.132421875 1 0.13088012031250001 1 0.115223278125
0 1 0.13085929062499999 0.9072203421874999 0.132421875 0.9057523890624999 0.1490234375 0.9130921578125001 0.151953125 1 0.1512022703125 1 0.13085929062499999
0 0.8279508359375001 0.140234375 0.6576681921875001 0.140234375 0.647392515625 0.1431640625 0.647392515625 0.1490234375 0.6547322859375 0.15390625 0.8220790203125 0.15390625 0.8382265125 0.1509765625 0.836758559375 0.1421875 0.8279508359375001 0.140234375
0 0.8279508359375001 0.128515625 0.6488604703125 0.128515625 0.6444566078125 0.1314453125 0.6444566078125 0.1392578125 0.6488604703125 0.1421875 0.825014928125 0.1421875 0.8294187890625 0.1392578125 0.8279508359375001 0.128515625
0 0.647392515625 0.1275390625 0.8279508359375001 0.128515625 0.8279508359375001 0.116796875 0.6517963765625 0.116796875 0.647392515625 0.1197265625 0.647392515625 0.1275390625
0 0.832354696875 0.1138671875 0.83088674375 0.0953125 0.6488604703125 0.0953125 0.647392515625 0.1158203125 0.6517963765625 0.11875 0.8279508359375001 0.116796875 0.832354696875 0.1138671875
0 0.8279508359375001 0.085546875 0.68702726875 0.085546875 0.6517963765625 0.0875 0.647392515625 0.0904296875 0.647392515625 0.0943359375 0.83088674375 0.0953125 0.8352906046874999 0.0904296875 0.8279508359375001 0.085546875
0 0.6782195468750001 0.071875 0.6459245625000001 0.073828125 0.6444566078125 0.0767578125 0.6488604703125 0.085546875 0.6840913609375 0.0875 0.825014928125 0.0875 0.8294187890625 0.0845703125 0.8279508359375001 0.073828125 0.6782195468750001 0.071875
0 0.5296875 0 0.5296875 0.0090648671875 0.5637191484375 0.009375 0.6312450234375 0.007421875 0.6356488859375 0.0025390625 0.634694715625 0 0.5296875 0
0 0.5296875 0.0203423921875 0.554911425 0.02109375 0.63418093125 0.019140625 0.6356488859375 0.0103515625 0.6312450234375 0.007421875 0.5296875 0.0085867296875 0.5296875 0.0203423921875
0 0.5296875 0.037890353125 0.6371168390624999 0.03671875 0.6415207 0.0337890625 0.63858479375 0.0201171875 0.5296875 0.019528209375 0.5296875 0.037890353125
0 0.5296875 0.05234375 0.640052746875 0.05234375 0.6444566078125 0.0494140625 0.6415207 0.0376953125 0.5296875 0.038290492187500004 0.5296875 0.05234375
0 0.5296875 0.069921875 0.640052746875 0.069921875 0.640052746875 0.054296875 0.6312450234375 0.05234375 0.5296875 0.05234375 0.5296875 0.069921875
0 0.5296875 0.08321091875 0.6429886546875 0.081640625 0.6429886546875 0.069921875 0.5296875 0.069921875 0.5296875 0.08321091875
0 0.5296875 0.108984375 0.6429886546875 0.108984375 0.647392515625 0.1001953125 0.6444566078125 0.0884765625 0.640052746875 0.085546875 0.5296875 0.085546875 0.5296875 0.108984375
0 0.5296875 0.11875 0.6371168390624999 0.11875 0.6444566078125 0.1158203125 0.6429886546875 0.108984375 0.5296875 0.108984375 0.5296875 0.11875
0 0.5296875 0.136328125 0.5461037015625 0.136328125 0.6429886546875 0.13046875 0.6429886546875 0.11875 0.628309115625 0.116796875 0.5296875 0.116796875 0.5296875 0.136328125
0 0.5296875 0.15390625 0.6429886546875 0.15390625 0.647392515625 0.1490234375 0.6444566078125 0.1392578125 0.5296875 0.1386470078125 0.5296875 0.15390625
0 0.8183210578125 0.41875 0.8294187890625 0.4146484375 0.8264828828125002 0.3990234375 0.7105145296875 0.398046875 0.5989500390625 0.4 0.5916102703125 0.4029296875 0.5916102703125 0.41875 0.8183210578125 0.41875
0 0.8220790203125 0.3765625 0.593078225 0.38046875 0.5916102703125 0.3990234375 0.692899084375 0.4 0.8103353906249999 0.398046875 0.8264828828125002 0.3951171875 0.8264828828125002 0.3794921875 0.8220790203125 0.3765625
0 0.8015276671875 0.34921875 0.593078225 0.355078125 0.5916102703125 0.3775390625 0.7516172375 0.378515625 0.8191431124999999 0.3765625 0.8264828828125002 0.3697265625 0.8264828828125002 0.3560546875 0.8191431124999999 0.351171875 0.8015276671875 0.34921875
0 0.5916102703125 0.3404296875 0.5916102703125 0.3521484375 0.719322253125 0.353125 0.77804040625 0.351171875 0.8015276671875 0.34921875 0.8059315281250001 0.3462890625 0.8059315281250001 0.3384765625 0.8015276671875 0.335546875 0.5960141328125 0.3375 0.5916102703125 0.3404296875
0 0.5989500390625 0.32578125 0.5916102703125 0.3287109375 0.5916102703125 0.3365234375 0.5960141328125 0.339453125 0.7633608671875 0.3375 0.7956558515625 0.335546875 0.8000597140625001 0.3326171875 0.7971238046875 0.3267578125 0.7927199437500001 0.323828125 0.5989500390625 0.32578125
0 0.5960141328125 0.300390625 0.5916102703125 0.3033203125 0.5916102703125 0.3189453125 0.5989500390625 0.321875 0.6165654859374999 0.321875 0.8073994828125001 0.31796875 0.81180334375 0.3111328125 0.8088674359375 0.2974609375 0.5960141328125 0.300390625
0 0.5960141328125 0.284765625 0.594546178125 0.2974609375 0.5989500390625 0.300390625 0.63418093125 0.300390625 0.7956558515625 0.296484375 0.8000597140625001 0.2916015625 0.8000597140625001 0.2857421875 0.7956558515625 0.2828125 0.5960141328125 0.284765625
0 0.5960141328125 0.265234375 0.5916102703125 0.2681640625 0.5916102703125 0.2740234375 0.5960141328125 0.276953125 0.8103353906249999 0.275 0.8147392515625 0.2720703125 0.8147392515625 0.2642578125 0.8103353906249999 0.261328125 0.5960141328125 0.265234375
0 0.832354696875 0.2447265625 0.825014928125 0.241796875 0.8132712984375001 0.241796875 0.5960141328125 0.245703125 0.594546178125 0.2623046875 0.825014928125 0.261328125 0.8352906046874999 0.2544921875 0.832354696875 0.2447265625
0 0.5296875 0.5750320312499999 0.5295523578125 0.5750285078124999 0.52765830625 0.5776802875 0.5140359796875 0.5806050453125 0.5120206031250001 0.5780442578125 0.4377415125 0.579773121875 0.4357261390625 0.5772123390624999 0.336096440625 0.5821389375 0.334081065625 0.579578153125 0.2773943921875 0.58089755 0.27537901875 0.5783367609375001 0.24410361093750002 0.5790647046874999 0.23830013437500003 0.581807478125 0.23433004531249998 0.5792921875 0.2324359953125 0.5819439703125 0.23042062031250002 0.5793831796875 0.18546222343750002 0.5804295984375 0.183628834375 0.5856876609375 0.17587064531250002 0.58847593125 0.17208254218750002 0.5937794921874999 0.1566874875 0.6045685984375 0.1546875 0.6080047203125 0.1546875 0.696875 0.2241689328125 0.696875 0.2898370828125 0.6953465578125 0.29173113281249996 0.6926947765625 0.2937465078125 0.6952555640625 0.3113389234375 0.694846096875 0.3132329734375 0.6921943140625 0.448108165625 0.6890550624999999 0.4500022171875 0.6864032828125 0.45201759218750004 0.6889640671875 0.5296875 0.6871562796875 0.5296875 0.5750320312499999
0 0.5296875 0.6886673703125 0.45741886718749997 0.7074041703124999 0.4559307296875 0.710419415625 0.45164258906250004 0.708858890625 0.4266120546875 0.7151626828125 0.4251239171875 0.718177928125 0.16904228593749998 0.7826705765625 0.167554146875 0.7856858203125 0.1560015921875 0.7885952625 0.1497880265625 0.787519646875 0.14829989062499999 0.7905348906249999 0.1390625 0.7928612734375 0.1390625 0.8109375 0.30843110625 0.8109375 0.51263586875 0.7595097359375 0.5149985828125 0.761555165625 0.5296875 0.7578558484375 0.5296875 0.6886673703125
0 0.5296875 0.8080062140625 0.4888251671875 0.7983677828125 0.4875937140625 0.795398515625 0.47558444843750003 0.7953696296875 0.47435299375 0.7924003625 0.162892403125 0.721875 0.14009645312500002 0.721875 0.13125 0.753770621875 0.13125 0.77928023125 0.254225775 0.8071261671875 0.255457228125 0.8100954343750001 0.46352565625000003 0.857209265625 0.4685401765625 0.861035146875 0.47487484375 0.8597791109374999 0.4761063 0.8627483765624999 0.48367242499999996 0.8644616078125 0.4881155625 0.8627772640625 0.48934701562500005 0.8657465296875 0.498804675 0.8678880687500001 0.5032478109375 0.8662037250000001 0.504479265625 0.869172990625 0.513936921875 0.871314528125 0.51648853125 0.8692018781249999 0.5240546546875 0.8709151078125 0.525286109375 0.8738843734374999 0.5296875 0.8748809999999999 0.5296875 0.8080062140625
0 0.5296875 0.8374258109374999 0.1297581890625 0.8374258109374999 0.1297581890625 0.8382234390625001 0.128125 0.840298684375 0.128125 0.8698358796874999 0.1297581890625 0.872120678125 0.1297581890625 0.9034104375 0.132688321875 0.9075096406250001 0.14440885781249999 0.9082615656249999 0.1458247375 0.91024235625 0.15652683125 0.9111159609375001 0.1580828140625 0.9091388140625 0.1613202875 0.9115072468750001 0.1721427828125 0.912390678125 0.17566361875 0.9102667062500001 0.177494090625 0.912827503125 0.186885884375 0.913594146875 0.37491271406250004 0.9256569453125 0.378819559375 0.9233001078124999 0.38272640625 0.9261582296875 0.3846798265625 0.9236760734375 0.4335153890625 0.926809103125 0.4354688125 0.9295419031249998 0.43742223593749996 0.9270597453124999 0.5296875 0.9329789921875001 0.5296875 0.8374258109374999
0 0.5296875 1 0.5296875 0.9582968203124999 0.2231492453125 0.91875 0.1310549421875 0.91875 0.125 0.9585715406249999 0.125 0.98511501875 0.15873353750000002 0.9894670171875 0.16027361874999999 0.9922999515625002 0.162599371875 0.989965753125 0.174196871875 0.991461959375 0.1757369546875 0.9942948906249999 0.17806270468750002 0.99196069375 0.18346861875 0.9952923625000001 0.187727290625 0.9932075328125001 0.189267371875 0.9960404640625 0.214395290625 0.99928224375 0.2205868765625 0.9974467812500001 0.2219748921875 1 0.222698325 1 0.22638562499999998 0.9981948828124999 0.22736695 1 0.5296875 1
0 0.12270554375 1 0.1296738625 0.9898891187500001 0.133766925 0.9795010328124999 0.13390345937499998 0.9716758234375 0.137905496875 0.96650454375 0.1405891859375 0.9247928515625 0.14259020312499998 0.9222072140625001 0.14304679843749998 0.7839390703125 0.14504781718749998 0.7813534296875 0.1452298625 0.7709198171875 0.149368434375 0.7579233265624999 0.1495049671875 0.7500981171875 0.1515059859375 0.7475124765625 0.149595990625 0.744881309375 0.1515970109375 0.742295671875 0.1520066109375 0.718820040625 0.1540986515625 0.7110175937500001 0.158100690625 0.7058463125 0.1582372234375 0.6980211031250001 0.162284775 0.6902414203125 0.160556825 0.677176640625 0.16464988281249998 0.6667885531250001 0.16478641562500002 0.6589633421875 0.162921934375 0.6537237734375 0.16501397499999998 0.6459213265624999 0.1689705 0.64335845 0.1691980578125 0.630316434375 0.1712445890625 0.625122390625 0.1792031515625 0.617388234375 0.1813862140625 0.6043689796875 0.200031803125 0.6006726296875 0.2049888390625 0.596816934375 0.2090363875 0.5890372515625 0.20917292187499997 0.581212040625 0.215358025 0.563021509375 0.21763211249999997 0.5447854484375 0.219633128125 0.542199809375 0.2198151765625 0.5317661953125 0.22609130156249999 0.50835885625 0.226227834375 0.5005336453125 0.2282288515625 0.49794800625 0.228377971875 0.4894014765625 0.228377971875 0.47411354218749996 0.2257734609375 0.47052562499999995 0.21795143281249998 0.4704345703125 0.208264915625 0.4651039453125 0.198487378125 0.464990128125 0.1752033328125 0.45428334843750007 0.165425796875 0.45416953125 0.157694790625 0.4488616703125 0.1479172515625 0.448747853125 0.1362752296875 0.4433944625 0.1245421828125 0.44325788125 0.1226321875 0.440626715625 0.11762964218750001 0.44709081250000005 0.11740208593749998 0.46013283125 0.11321800156249999 0.475737725 0.11303595625 0.4861713359375 0.11103493906249999 0.48875697812499996 0.11076186875 0.504407396875 0.10448574687500001 0.5278147375 0.102075125 0.5538760093749999 0.1000741046875 0.556461646875 0.09971001562500001 0.577328875 0.0913418484375 0.6085386609375 0.0911142921875 0.6215806781250001 0.0869757203125 0.6345771671875 0.084610609375 0.6580300328125 0.08260959062499999 0.6606156750000001 0.082382034375 0.673657690625 0.0782434625 0.6866541796875 0.07583284375 0.7127154515624999 0.07383182187500001 0.7153010906249999 0.073604265625 0.72834310625 0.071603246875 0.730928746875 0.06710058437500001 0.7647924640625 0.0650995671875 0.767378103125 0.0649175203125 0.7778117171875 0.062916503125 0.7803973578125 0.0626889453125 0.793439375 0.0585048609375 0.8090442671875 0.0583228171875 0.8194778812500001 0.0563217984375 0.8220635203125 0.053865665625 0.85073319375 0.049727095312500004 0.8637296828124998 0.04722545 0.8950077609375 0.0452244328125 0.8975933999999999 0.04290483125 0.9184378640624999 0.0409038140625 0.9210235046874999 0.038538704687499994 0.944476371875 0.036537685937499995 0.947062009375 0.0340815546875 0.9757316843750001 0.029897471874999998 0.9913365781250001 0.0297463109375 1 0.12270554375 1
0 1 0.5221515078125 0.9904898578125 0.5219035078125 0.98859580625 0.5245552874999999 0.9749734796875 0.5274800453124999 0.972958103125 0.5249192578125 0.8986790125 0.526648121875 0.8966636390625 0.5240873390624999 0.797033940625 0.5290139375 0.795018565625 0.5264531531250001 0.7383318921875001 0.52777255 0.73631651875 0.5252117609375 0.7050411109375 0.5259397046875 0.699237634375 0.528682478125 0.6952675453125 0.5261671875 0.6933734953125 0.5288189703125 0.6913581203125 0.5262581796875 0.6463997234375001 0.5273045984375 0.644566334375 0.5325626609375 0.6368081453125 0.53535093125 0.6330200421875001 0.5406544921875 0.6176249875 0.5514435984375 0.615625 0.5548797203125 0.615625 0.64375 0.6851064328125 0.64375 0.7507745828125 0.6422215578125 0.7526686328125 0.6395697765625 0.7546840078124999 0.6421305640625 0.7722764234375 0.641721096875 0.7741704734375 0.6390693140625 0.909045665625 0.6359300625 0.9109397171874999 0.6332782828125 0.9129550921874999 0.6358390671875 1 0.633813075 1 0.5221515078125
0 1 0.6331117515625 0.9183563671874999 0.6542791703124999 0.9168682296874999 0.657294415625 0.9125800890625 0.655733890625 0.8875495546875 0.6620376828125 0.8860614171875 0.6650529281249999 0.6299797859374999 0.7295455765625001 0.6284916468749999 0.7325608203125 0.6169390921875 0.7354702625 0.6107255265625 0.734394646875 0.6092373906249999 0.737409890625 0.6 0.7397362734375 0.6 0.7578125 0.7693686062499999 0.7578125 0.97357336875 0.7063847359375 0.9759360828125001 0.708430165625 1 0.702369809375 1 0.6331117515625
0 1 0.7570925484375 0.9497626671875 0.7452427828125 0.9485312140625 0.742273515625 0.9365219484375 0.7422446296875 0.93529049375 0.7392753625 0.623829903125 0.66875 0.601033953125 0.66875 0.5921875 0.7006456218749999 0.5921875 0.72615523125 0.715163275 0.7540011671875 0.7163947281249999 0.756970434375 0.9244631562500001 0.804084265625 0.9294776765625 0.8079101468750001 0.93581234375 0.8066541109375001 0.9370438 0.8096233765624999 0.944609925 0.8113366078125 0.9490530625 0.8096522640625 0.950284515625 0.8126215296874999 0.9597421749999999 0.8147630687499999 0.9641853109374999 0.8130787250000001 0.9654167656249999 0.816047990625 0.974874421875 0.818189528125 0.97742603125 0.8160768781249998 0.9849921546874999 0.8177901078125001 0.9862236093749999 0.8207593734374999 1 0.8238788203125 1 0.7570925484375
0 1 0.7843008109375 0.5906956890624999 0.7843008109375 0.5906956890624999 0.7850984390625 0.5890625 0.787173684375 0.5890625 0.8167108796875 0.5906956890624999 0.8189956781250001 0.5906956890624999 0.8502854375 0.593625821875 0.8543846406250001 0.6053463578125 0.8551365656249998 0.6067622375 0.8571173562500001 0.61746433125 0.8579909609375 0.6190203140625 0.8560138140625 0.6222577874999999 0.858382246875 0.6330802828125 0.859265678125 0.63660111875 0.85714170625 0.638431590625 0.8597025031250001 0.647823384375 0.860469146875 0.8358502140624999 0.8725319453125 0.839757059375 0.8701751078125 0.84366390625 0.8730332296875 0.8456173265625001 0.8705510734375 0.8944528890625 0.873684103125 0.8964063124999999 0.8764169031249999 0.8983597359375001 0.8739347453124999 1 0.8804554421875 1 0.7843008109375
0 1 0.9063812984374999 0.6840867453125 0.865625 0.5919924421875 0.865625 0.5859375 0.905446540625 0.5859375 0.93199001875 0.6196710375000001 0.9363420171874999 0.62121111875 0.9391749515625001 0.6235368718750001 0.936840753125 0.635134371875 0.9383369593750001 0.6366744546875001 0.9411698906249999 0.6390002046875 0.93883569375 0.64440611875 0.9421673625 0.648664790625 0.9400825328125 0.650204871875 0.9429154640625 0.675332790625 0.9461572437499999 0.6815243765625001 0.94432178125 0.6830644546875 0.9471547140624998 0.687323125 0.9450698828124999 0.6888632078125 0.9479028171875001 0.7004607078125 0.9493990218749999 0.7027864609375 0.947064825 0.704326540625 0.949897759375 0.7105181296875 0.9480622953125 0.7120582093750001 0.950895228125 0.7294544593750001 0.9531395374999999 0.7317802140625 0.9508053390625001 0.73332029375 0.9536382718749999 0.7526494609375 0.9561319484374999 0.7549752140624999 0.9537977515625 0.75651529375 0.9566306828125001 1 0.9880429 1 0.9063812984374999
0 0.5751912 0.41875 0.5741555015625 0.422612725 0.57397345625 0.43304633593749997 0.5719724390625001 0.435631978125 0.5716993687499999 0.45128239687500005 0.565423246875 0.4746897375 0.563012625 0.500751009375 0.5610116046875 0.503336646875 0.560647515625 0.524203875 0.5522793484374999 0.5554136609375 0.5520517921875 0.5684556781250001 0.5479132203125 0.5814521671875 0.5455481093750001 0.6049050328125001 0.543547090625 0.607490675 0.5433195343749999 0.6205326906249999 0.5391809624999999 0.6335291796875 0.53677034375 0.6595904515625 0.534769321875 0.6621760906249999 0.534541765625 0.67521810625 0.532540746875 0.677803746875 0.5296875 0.6992625046875001 0.5296875 1 0.5566555281250001 1 0.5604140375 0.9859823296875 0.566508115625 0.9730086015625 0.5724656593749999 0.9678600875000001 0.5745577 0.9600576406249999 0.5906113625 0.93676411875 0.594704425 0.9263760328124999 0.594840959375 0.9185508234374999 0.598842996875 0.91337954375 0.6015266859375 0.8716678515625 0.6035277031249999 0.8690822140625001 0.6039842984375 0.7308140703125 0.6059853171875 0.7282284296875 0.6061673625 0.7177948171875 0.610305934375 0.7047983265625 0.6104424671875 0.6969731171875 0.6124434859375001 0.6943874765625 0.6105334906250001 0.691756309375 0.6125345109375 0.689170671875 0.6129441109375 0.665695040625 0.6150361515625 0.65789259375 0.619038190625 0.6527213125 0.6191747234375 0.644896103125 0.623222275 0.6371164203124999 0.621494325 0.6240516406250001 0.6255873828125 0.6136635531250001 0.625723915625 0.6058383421875 0.623859434375 0.6005987734375 0.625951475 0.5927963265625 0.629908 0.59023345 0.6301355578125 0.577191434375 0.6321820890625001 0.571997390625 0.6401406515625 0.564263234375 0.6423237140625 0.5512439796875 0.660969303125 0.5475476296874999 0.6659263390625 0.5436919343750001 0.6699738875 0.5359122515625 0.670110421875 0.528087040625 0.676295525 0.509896509375 0.6785696125 0.4916604484375 0.680570628125 0.48907480937500003 0.6807526765625 0.47864119531250005 0.6870288015625 0.45523385625 0.687165334375 0.4474086453125 0.6891663515625 0.44482300625000004 0.689315471875 0.4362764765625 0.689315471875 0.4209885421875 0.6876904875000001 0.41875 0.5751912 0.41875