0 0.51875 0.0865033859375 0.45935976875 0.26360839999999996 0.44101680625000006 0.309375 0.5028546640625 0.309375 0.51875 0.261554578125 0.51875 0.0865033859375
0 0.51875 0 0.5123167343749999 0 0.47707964687500004 0.309375 0.49689901875000003 0.309375 0.51875 0.12328930468749999 0.51875 0
0 0.4650073359375 0 0.48425234531249994 0.309375 0.5108060421875 0.309375 0.5108060421875 0 0.4650073359375 0
0 0.4095979265625 0 0.4035542109375 0.309375 0.4326193640625 0.309375 0.4330562359375 0.2974681171875 0.4366405015625 0.056512128125000005 0.44033979375000004 0 0.4095979265625 0
0 0.3938619359375 0 0.3910938015625 0.0270694671875 0.3914021078125 0.27033973125 0.39048529374999996 0.309375 0.41259071406250003 0.309375 0.41413895937499995 0.117791765625 0.41413895937499995 0 0.3938619359375 0
0 0.39659952187499997 0 0.39131335156249997 0.02328140625 0.3680725046875 0.082438278125 0.33845602656249996 0.1437543359375 0.2816837671875 0.28146947031249997 0.2686251109375 0.309375 0.30254983125 0.309375 0.4325830609375 0 0.39659952187499997 0
0 0.35538545625 0 0.24178805468750003 0.25581410937500004 0.21647024843749998 0.309375 0.290173071875 0.309375 0.2985135734375 0.2920030859375 0.3598360203125 0.1478104296875 0.38582493906250004 0.0957222609375 0.4133516484375 0.020133428125 0.404666290625 0.002351603125 0.40203517812499995 0 0.35538545625 0
0 0.2157532828125 0.309375 0.251918659375 0.262519896875 0.25216840625 0.24790923125000003 0.245115921875 0.229428303125 0.2190902171875 0.1865363078125 0.21066428125 0.1782611234375 0.205818275 0.1782611234375 0.19899343593750002 0.1824803671875 0.10292623593750001 0.309375 0.2157532828125 0.309375
0 1 0 0.9823518703125 0 0.9515625 0.21641176406249998 0.9515625 0.309375 0.9968499125000001 0.309375 1 0.2882304875 1 0
0 0.9124065109374999 0 0.9187315109374999 0.309375 0.9709738093750001 0.309375 0.968024328125 0 0.9124065109374999 0
0 0.8635439453125 0 0.8707626953125001 0.309375 0.9159255578125001 0.309375 0.9097740609375 0 0.8635439453125 0
0 0.8200496718749999 0 0.8250212874999999 0.309375 0.8686171453125 0.309375 0.8615519859375 0 0.8200496718749999 0
0 0.776618078125 0 0.779567559375 0.309375 0.8239068906250001 0.309375 0.8200145828125001 0 0.776618078125 0
0 0.7033908 0 0.6668022359375 0.309375 0.7700328125 0.309375 0.777734375 0.24659052343750001 0.7763208968749999 0 0.7033908 0
0 0.51875 0.4883597453125 0.51695643125 0.49370826875 0.3890625 0.8995566609375001 0.3890625 1 0.44080265 1 0.51875 0.7640750374999999 0.51875 0.4883597453125
0 0.40873443906249995 1 0.3534969578125 0.4623848234375 0.35333689687500003 0.46218035 0.33554475625 0.46218035 0.30357037343750004 0.47457832499999997 0.303125 0.475116471875 0.303125 0.5154034968750001 0.354682665625 1 0.40873443906249995 1
0 0.4076887109375 1 0.4076887109375 0.9574844015625 0.2696389671875 0.5022996796875 0.25968946718749997 0.474375015625 0.2507914484375 0.47326118125 0.2134438171875 0.4973441921875 0.2125 0.4991357625 0.2125 0.5062167921875 0.2143354875 0.5377308734375 0.2324002859375 0.6053944984375 0.30681596875 0.8638311156250001 0.34763550312499997 1 0.4076887109375 1
0 0.2269303828125 1 0.1941059890625 0.45127761250000004 0.123911259375 0.45781857343750004 0.1234375 0.4593783328125 0.1234375 0.49696276250000004 0.1557547921875 1 0.2269303828125 1
0 0.1590335453125 1 0.1590335453125 0.8976245468750002 0.121266646875 0.4485442328125 0.1151906796875 0.44529615 0.0409691421875 0.44529615 0.0390625 0.45056161718750004 0.0390625 0.4660047484375 0.0824267640625 1 0.1590335453125 1
0 0 0.8908804281249999 0.0970625515625 0.46339647656250005 0.105515703125 0.4564075234375 0.1093311296875 0.4568838640625 0.11325839374999999 0.45254759062499994 0.1210734640625 0.4181283640625 0.119277584375 0.41307757812499996 0.1161726203125 0.40947221406250006 0.0913723421875 0.40637598906249994 0.0901750890625 0.4030087953125 0.080636521875 0.401817940625 0.076110634375 0.40447061875 0.07491338125 0.401103428125 0.036759107812500004 0.39634000468749997 0.030213671874999997 0.403567128125 0 0.5366345125 0 0.8908804281249999
0 0.5293971875000001 0.309375 0.521875 0.372881540625 0.521875 0.37773037187499997 0.99832523125 0.46875 1 0.46875 1 0.33030805937499996 0.8725634015624999 0.309375 0.5293971875000001 0.309375
0 1 0.3941914015625 0.51875 0.4532693796875 0.51875 0.547306721875 1 0.4673812421875 1 0.3941914015625
0 1 0.4858920578125 0.9821337484375 0.4858920578125 0.51875 0.5027378140625001 0.51875 0.659375 0.5752114453125 0.659375 1 0.6469202265625 1 0.4858920578125
0 1 0.6986534140625 0.5807085671875 0.63532626875 0.572958915625 0.643559109375 0.5609375 0.7636045703125001 0.5609375 0.7756903875 0.563917471875 0.78324305625 1 0.843103546875 1 0.6986534140625
0 1 0.8779280875000002 0.5839862921875 0.7513404453125 0.51875 0.7513404453125 0.51875 0.8208535687499999 0.9881156640625001 0.9671875 0.9923638859375 0.9671875 1 0.9622032359375 1 0.8779280875000002
0 0.51875 1 1 1 1 0.9188859390624999 0.7890362546875 0.8846376750000001 0.51875 0.8846376750000001 0.51875 1