0 0.158203125 0.539641203125 0.05078125 0.846354165625 0.05078125 0.852141203125 0.0712890625 0.8796296296874999 0.1015625 0.8955439828125 0.10546875 0.8926504625 0.197265625 0.6119791671875 0.205078125 0.5714699078125001 0.1884765625 0.546875 0.1748046875 0.5381944437499999 0.158203125 0.539641203125
0 0.2900390625 0.20833333281250002 0.2783203125 0.20833333281250002 0.267578125 0.24160879687499998 0.267578125 0.2560763875 0.2109375 0.5512152765625 0.14453125 0.8695023140625 0.1591796875 0.8883101859375 0.177734375 0.8897569453124999 0.185546875 0.8637152765625 0.216796875 0.6814236124999999 0.251953125 0.5135995375 0.302734375 0.22714120312500002 0.30078125 0.21846064843750002 0.2900390625 0.20833333281250002
0 0.32421875 0.383391203125 0.32421875 0.3660300921875 0.3193359375 0.358796296875 0.2958984375 0.34722222187499996 0.279296875 0.3544560171875 0.244140625 0.5570023140625 0.1875 0.8434606484374999 0.1875 0.860821759375 0.1943359375 0.8680555562500001 0.2138671875 0.8796296296874999 0.23046875 0.8810763875 0.23828125 0.8752893515625001 0.244140625 0.852141203125 0.267578125 0.690104165625 0.283203125 0.6235532421875 0.310546875 0.44415509374999995 0.32421875 0.383391203125
0 0.3603515625 0.3182870375 0.3388671875 0.3182870375 0.33203125 0.3313078703125 0.32421875 0.389178240625 0.3046875 0.4817708328125 0.29296875 0.5714699078125001 0.26953125 0.684317128125 0.248046875 0.8260995375 0.24609375 0.8550347234375 0.2490234375 0.859375 0.2705078125 0.8738425921875 0.2890625 0.8752893515625001 0.298828125 0.8695023140625 0.306640625 0.8289930546875001 0.3828125 0.38628472343750003 0.384765625 0.3399884265625 0.3798828125 0.3298611109375 0.3603515625 0.3182870375
0 0.4169921875 0.1273148140625 0.4013671875 0.1273148140625 0.38671875 0.1374421296875 0.384765625 0.8637152765625 0.3876953125 0.8709490734375 0.4033203125 0.8796296296874999 0.43359375 0.8781828718750001 0.4453125 0.8695023140625 0.4453125 0.701678240625 0.44140625 0.635127315625 0.44140625 0.18084490625 0.4365234375 0.1359953703125 0.4169921875 0.1273148140625
0 0.443359375 0.23003472343750003 0.443359375 0.8232060171875 0.4453125 0.872395834375 0.4482421875 0.8767361109375 0.4609375 0.8752893515625001 0.466796875 0.866608796875 0.462890625 0.675636575 0.46484375 0.1085069453125 0.4501953125 0.10127314843749999 0.439453125 0.1142939828125 0.443359375 0.23003472343750003
0 0.4833984375 0.16493055625 0.4658203125 0.17361111093749998 0.462890625 0.1837384265625 0.462890625 0.66116898125 0.466796875 0.8752893515625001 0.4794921875 0.8825231484374999 0.515625 0.8810763875 0.521484375 0.8752893515625001 0.513671875 0.296585646875 0.515625 0.21846064843750002 0.513671875 0.17795138906250002 0.5048828125 0.1678240734375 0.4833984375 0.16493055625
0 0.5283203125 0.21701388906250002 0.515625 0.23003472343750003 0.515625 0.2994791671875 0.529296875 0.409432871875 0.546875 0.64959490625 0.568359375 0.8752893515625001 0.5732421875 0.8825231484374999 0.587890625 0.8810763875 0.595703125 0.8752893515625001 0.591796875 0.7942708328125 0.580078125 0.6987847234375 0.544921875 0.247395834375 0.54296875 0.23003472343750003 0.5283203125 0.21701388906250002
0 0.57421875 0.3399884265625 0.56640625 0.302372684375 0.55859375 0.20688657500000002 0.5537109375 0.193865740625 0.5458984375 0.193865740625 0.541015625 0.1982060171875 0.541015625 0.2097800921875 0.548828125 0.3197337953125 0.59375 0.8203125 0.595703125 0.8781828718750001 0.5986328125 0.8825231484374999 0.61328125 0.8810763875 0.62109375 0.872395834375 0.62109375 0.846354165625 0.59765625 0.6235532421875 0.578125 0.3804976859375 0.572265625 0.34866898125 0.57421875 0.3399884265625
0 0.6171875 0.4267939828125 0.607421875 0.3660300921875 0.607421875 0.3342013890625 0.595703125 0.27922453593749996 0.5927734375 0.271990740625 0.5791015625 0.271990740625 0.56640625 0.2850115734375 0.568359375 0.30815972187499996 0.5625 0.3197337953125 0.5703125 0.3313078703125 0.671875 0.8752893515625001 0.6748046875 0.8854166671874999 0.6875 0.8839699078125 0.7080078125 0.8738425921875 0.71484375 0.857928240625 0.705078125 0.8347800921875 0.658203125 0.6322337953125 0.6328125 0.4904513890625 0.6171875 0.4267939828125
0 0.6630859375 0.32118055624999997 0.6396484375 0.32118055624999997 0.6201171875 0.3327546296875 0.607421875 0.34866898125 0.6171875 0.4267939828125 0.630859375 0.4817708328125 0.658203125 0.6322337953125 0.703125 0.8260995375 0.7177734375 0.8709490734375 0.734375 0.8695023140625 0.7666015625 0.8478009265625 0.7734375 0.8376736125 0.771484375 0.8232060171875 0.72265625 0.6061921296875 0.66796875 0.3313078703125 0.6630859375 0.32118055624999997
0 0.7802734375 0.5237268515625 0.7685546875 0.5324074078125001 0.736328125 0.5714699078125001 0.7265625 0.58883101875 0.724609375 0.6032986109375 0.884765625 0.8868634249999999 0.8896484375 0.894097221875 0.8984375 0.8926504625 0.9189453125 0.8767361109375 0.9375 0.852141203125 0.94921875 0.8289930546875001 0.947265625 0.81741898125 0.7890625 0.5309606484375 0.7802734375 0.5237268515625