0 0.24284630625 0.509375 0.263840259375 0.44483017656249996 0.34375 0.1709160296875 0.34375 0.1577872828125 0.31689159375 0.1577872828125 0.30942325312499996 0.17457793125 0.3078255671875 0.1890256609375 0.21887677656250001 0.47881080468750004 0.2089624203125 0.509375 0.24284630625 0.509375
0 0.2910802484375 0.509375 0.30578554062499996 0.3768748375 0.3125 0.3400992453125 0.3125 0.2930648703125 0.3110964984375 0.2911579125 0.29572820625 0.2843321875 0.2793675 0.2843321875 0.270880584375 0.28844910156250003 0.2439774640625 0.49242790468750003 0.24133836562500002 0.509375 0.2910802484375 0.509375
0 0.319635271875 0.509375 0.346875 0.31655524218750003 0.346875 0.26755011562500003 0.342488559375 0.2596147125 0.3244056203125 0.2515625 0.3164394390625 0.2515625 0.30103515625 0.2536134390625 0.294562315625 0.2674357078125 0.2884187015625 0.32585575 0.27154049375 0.42026625156249997 0.26254973593750003 0.509375 0.319635271875 0.509375
0 0.3890625 0.509375 0.3890625 0.1899874296875 0.376867096875 0.1185373484375 0.3645224546875 0.0752903546875 0.34381056875 0.0702539140625 0.3284071625 0.0730566890625 0.315667034375 0.08564751875 0.3868139078125 0.509375 0.3890625 0.509375
0 0.3890625 0.1716113484375 0.364886390625 0.055585428125 0.3497793953125 0.0515625 0.34894185 0.0515625 0.34123939999999997 0.0662608609375 0.3691411390625 0.1790992609375 0.3890625 0.27309189375 0.3890625 0.1716113484375
0 0.3942671265625 0 0.3890625 0.0178371453125 0.3890625 0.1116765671875 0.41946120468750003 0 0.3942671265625 0
0 0.40997536874999996 0 0.3893488640625 0.07342826875 0.3893488640625 0.11875 0.41051983593749997 0.11875 0.41996600624999997 0.11479578906250001 0.4382730203125 0 0.40997536874999996 0
0 0.4349526390625 0 0.43528804687499995 0.1040812734375 0.4380584625 0.1203125 0.45649155624999993 0.1203125 0.461721875 0.11908297812499999 0.484375 0.032921553125 0.484375 0.00703336875 0.4831745140625 0 0.4349526390625 0
0 0.4386989609375 0.059632503125 0.44468620000000003 0.12746868125 0.4558263375 0.221875 0.477185790625 0.221875 0.5068713859375 0.21590813125000002 0.5134456515625 0.21158850624999997 0.51875 0.1976738234375 0.51875 0.18569536250000002 0.5153047625 0.10727783125000001 0.4928692078125 0.043828624999999996 0.48794946718750004 0.041819321874999996 0.44731412031249995 0.0479883265625 0.4386989609375 0.0544813671875 0.4386989609375 0.059632503125
0 0.5345530640625 0 0.534499140625 0.000926671875 0.5445954546875 0.0039162921875 0.67937408125 0.00625 0.7155777890625 0.00625 0.71875 0.004234315625 0.71875 0 0.5345530640625 0
0 0.6185054453125 0 0.5385719328125 0.0119283796875 0.534247828125 0.015543826562499998 0.535866971875 0.021875 0.5378181093750001 0.021875 0.5683097375 0.0187500984375 0.69375 0.00009980625 0.69375 0 0.6185054453125 0
0 0.5357104484375 0.13899364218750002 0.5371970562499999 0.133183328125 0.5421875 0.042493409375 0.5421875 0.015346807812499998 0.5254134765625 0.012012596875 0.5187873125 0.0321441171875 0.517159215625 0.0514694921875 0.517159215625 0.1390625 0.5355598234375 0.1390625 0.5357104484375 0.13899364218750002
0 0.5391845140625 0.042885203125 0.5619769234375 0.13676386093749998 0.5631019828125 0.1375 0.565625 0.1375 0.565625 0.0808374703125 0.5534919515625 0.025282954687499998 0.5488715625 0.016481829687499998 0.5429389312499999 0.014526025000000001 0.5370974546875 0.016481829687499998 0.5391845140625 0.042885203125
0 0.58479299375 0.1365234375 0.58479299375 0.1208984375 0.5671775484375 0.0173828125 0.5627736859375 0.014453125 0.5539659625000001 0.014453125 0.5495621015625 0.0173828125 0.5495621015625 0.0291015625 0.5671775484375 0.1287109375 0.57011345625 0.1365234375 0.577453225 0.139453125 0.58479299375 0.1365234375
0 0.70516520625 0.0212890625 0.7007613453125 0.018359375 0.5803891328125 0.018359375 0.5950686703125 0.028125 0.6978254375 0.030078125 0.70516520625 0.0271484375 0.70516520625 0.0212890625
0 0.70516520625 0.0310546875 0.7007613453125 0.028125 0.5950686703125 0.028125 0.5936007171875 0.0427734375 0.5980045781250001 0.045703125 0.70516520625 0.0447265625 0.70516520625 0.0310546875
0 0.7081011140625 0.0486328125 0.703697253125 0.045703125 0.5980045781250001 0.045703125 0.5965366234375 0.0583984375 0.6009404859374999 0.069140625 0.7081011140625 0.0681640625 0.7081011140625 0.0486328125
0 0.586260946875 0.073046875 0.5818570859375 0.0779296875 0.5921327625 0.084765625 0.703697253125 0.084765625 0.7081011140625 0.0779296875 0.7081011140625 0.0720703125 0.703697253125 0.069140625 0.5980045781250001 0.069140625 0.586260946875 0.073046875
0 0.609748209375 0.100390625 0.6978254375 0.100390625 0.7022293 0.0974609375 0.7022293 0.0876953125 0.6978254375 0.084765625 0.6009404859374999 0.084765625 0.59947253125 0.0916015625 0.609748209375 0.100390625
0 0.612684115625 0.1140625 0.6948895296875 0.116015625 0.6992933921875 0.1130859375 0.6978254375 0.10234375 0.677274084375 0.100390625 0.609748209375 0.100390625 0.6082802546874999 0.1111328125 0.612684115625 0.1140625
0 0.612684115625 0.116015625 0.6112161625000001 0.1306640625 0.6185559312500001 0.135546875 0.6978254375 0.135546875 0.7022293 0.1287109375 0.7022293 0.1189453125 0.6948895296875 0.1140625 0.6214918390624999 0.1140625 0.612684115625 0.116015625
0 0.3890625 0.1291656765625 0.44240147343749997 0.1296875 0.44680533437500003 0.1267578125 0.44533738125 0.119921875 0.3890625 0.11863094062499999 0.3890625 0.1291656765625
0 0.3890625 0.1388898875 0.44240147343749997 0.139453125 0.44680533437500003 0.1345703125 0.44680533437500003 0.1228515625 0.43946556562500005 0.119921875 0.3890625 0.11910404999999999 0.3890625 0.1388898875
0 0.3890625 0.147913865625 0.44680533437500003 0.1482421875 0.4365296578125 0.139453125 0.39249104375 0.1375 0.3890625 0.1375250640625 0.3890625 0.147913865625
0 0.3890625 0.1679383671875 0.43359375 0.16875 0.44093351875 0.1658203125 0.4438694265625 0.1541015625 0.43946556562500005 0.14921875 0.3890625 0.147728490625 0.3890625 0.1679383671875
0 0.3890625 0.1835285828125 0.43359375 0.184375 0.44093351875 0.1794921875 0.44093351875 0.1697265625 0.4365296578125 0.166796875 0.3890625 0.1663758390625 0.3890625 0.1835285828125
0 0.3890625 0.19730896874999998 0.4306578421875 0.198046875 0.4379976109375 0.1931640625 0.4379976109375 0.1873046875 0.42772193437499995 0.182421875 0.3890625 0.1816974140625 0.3890625 0.19730896874999998
0 0.506991440625 0.2078125 0.5055234875 0.2166015625 0.5216709796875 0.21953125 0.6890177140625 0.21953125 0.696357484375 0.2146484375 0.696357484375 0.2087890625 0.6860818078124999 0.205859375 0.5157991640625 0.205859375 0.506991440625 0.2078125
0 0.518735071875 0.2078125 0.6948895296875 0.2078125 0.6992933921875 0.2048828125 0.6992933921875 0.1970703125 0.6948895296875 0.194140625 0.5157991640625 0.194140625 0.5143312109375 0.2048828125 0.518735071875 0.2078125
0 0.5157991640625 0.194140625 0.696357484375 0.1931640625 0.696357484375 0.1853515625 0.6919536234375 0.182421875 0.5157991640625 0.182421875 0.5157991640625 0.194140625
0 0.696357484375 0.1814453125 0.6948895296875 0.1609375 0.51286325625 0.1609375 0.511395303125 0.1794921875 0.5157991640625 0.182421875 0.6919536234375 0.184375 0.696357484375 0.1814453125
0 0.51286325625 0.1609375 0.696357484375 0.1599609375 0.696357484375 0.1560546875 0.6919536234375 0.153125 0.65672273125 0.151171875 0.5157991640625 0.151171875 0.5084593953125001 0.1560546875 0.51286325625 0.1609375
0 0.5157991640625 0.139453125 0.5143312109375 0.1501953125 0.518735071875 0.153125 0.6596586390625 0.153125 0.6948895296875 0.151171875 0.6992933921875 0.1423828125 0.6978254375 0.139453125 0.6655304531249999 0.1375 0.5157991640625 0.139453125
0 0.7194859124999999 0 0.7169088374999999 0.0154296875 0.7213127 0.018359375 0.8857235265625001 0.02421875 0.8901273890624999 0.0173828125 0.8901273890624999 0.0056640625 0.8769158046874999 0.00078125 0.8573430875 0 0.7194859124999999 0
0 0.8842555734375 0.0330078125 0.8827876187499999 0.02421875 0.7125049765625 0.018359375 0.711037021875 0.0251953125 0.718376790625 0.028125 0.8563644515625001 0.033984375 0.8842555734375 0.0330078125
0 0.8798517125 0.033984375 0.8622362656250001 0.03203125 0.7095690687499999 0.028125 0.70516520625 0.0310546875 0.7081011140625 0.0369140625 0.72424860625 0.03984375 0.8181976515624999 0.04375 0.8842555734375 0.0427734375 0.8842555734375 0.0369140625 0.8798517125 0.033984375
0 0.7095690687499999 0.03984375 0.7081011140625 0.0447265625 0.7125049765625 0.04765625 0.8681080812499999 0.053515625 0.8769158046874999 0.053515625 0.881319665625 0.0505859375 0.881319665625 0.0466796875 0.8769158046874999 0.04375 0.7095690687499999 0.03984375
0 0.88719148125 0.0544921875 0.8827876187499999 0.0515625 0.7125049765625 0.04765625 0.7125049765625 0.059375 0.8504926359375 0.06328125 0.88719148125 0.0623046875 0.88719148125 0.0544921875
0 0.7125049765625 0.073046875 0.7800308515625 0.075 0.88719148125 0.0740234375 0.88719148125 0.0662109375 0.8827876187499999 0.06328125 0.711037021875 0.0603515625 0.7081011140625 0.0681640625 0.7125049765625 0.073046875
0 0.7095690687499999 0.084765625 0.788838575 0.08671875 0.88719148125 0.0837890625 0.88719148125 0.0779296875 0.8827876187499999 0.075 0.7125049765625 0.073046875 0.7081011140625 0.0759765625 0.7095690687499999 0.084765625
0 0.7066331609375001 0.10234375 0.8857235265625001 0.104296875 0.8901273890624999 0.1013671875 0.8901273890624999 0.0876953125 0.8857235265625001 0.084765625 0.70516520625 0.0857421875 0.7022293 0.0994140625 0.7066331609375001 0.10234375
0 0.703697253125 0.11796875 0.8857235265625001 0.11796875 0.8901273890624999 0.1150390625 0.8901273890624999 0.1072265625 0.8857235265625001 0.104296875 0.7022293 0.1033203125 0.6992933921875 0.1150390625 0.703697253125 0.11796875
0 0.8857235265625001 0.135546875 0.8901273890624999 0.1326171875 0.8901273890624999 0.1208984375 0.8857235265625001 0.11796875 0.7125049765625 0.11796875 0.703697253125 0.119921875 0.703697253125 0.135546875 0.8857235265625001 0.135546875
0 0.7007613453125 0.147265625 0.8416849124999999 0.14921875 0.88719148125 0.1462890625 0.8857235265625001 0.135546875 0.7007613453125 0.135546875 0.7007613453125 0.147265625
0 0.873979896875 0.151171875 0.703697253125 0.151171875 0.6992933921875 0.1541015625 0.696357484375 0.1658203125 0.7007613453125 0.174609375 0.8827876187499999 0.174609375 0.88719148125 0.1716796875 0.88719148125 0.1580078125 0.8827876187499999 0.153125 0.873979896875 0.151171875
0 0.7066331609375001 0.184375 0.8827876187499999 0.184375 0.88719148125 0.1814453125 0.88719148125 0.1775390625 0.8827876187499999 0.174609375 0.7007613453125 0.174609375 0.6992933921875 0.1814453125 0.7066331609375001 0.184375
0 0.7007613453125 0.184375 0.7007613453125 0.19609375 0.7976462984375 0.201953125 0.8827876187499999 0.201953125 0.88719148125 0.1970703125 0.88719148125 0.1853515625 0.8827876187499999 0.182421875 0.715440884375 0.182421875 0.7007613453125 0.184375
0 0.7007613453125 0.21953125 0.8827876187499999 0.21953125 0.88719148125 0.2166015625 0.88719148125 0.2068359375 0.8827876187499999 0.20390625 0.6992933921875 0.2048828125 0.696357484375 0.2146484375 0.7007613453125 0.21953125
0 1 0.201953125 0.9062748796874999 0.201953125 0.900403065625 0.20390625 0.8959992031249999 0.2068359375 0.900403065625 0.21953125 1 0.21901762812499997 1 0.201953125
0 1 0.1921875 0.8915953421874999 0.1921875 0.88719148125 0.1970703125 0.88719148125 0.2009765625 0.89453125 0.20390625 0.900403065625 0.20390625 0.9033389734374999 0.201953125 0.9092107890625 0.20390625 1 0.20340709375000002 1 0.1921875
0 1 0.17306619843749999 0.8901273890624999 0.1736328125 0.8915953421874999 0.1921875 1 0.19162845625 1 0.17306619843749999
0 1 0.1594050390625 0.88719148125 0.1599609375 0.888659434375 0.17265625 1 0.172099334375 1 0.1594050390625
0 1 0.1476779296875 0.88719148125 0.1482421875 0.888659434375 0.158984375 1 0.1584590578125 1 0.1476779296875
0 1 0.1325110453125 0.8974671578125001 0.13359375 0.8959992031249999 0.1404296875 0.8930632953125001 0.1423828125 0.900403065625 0.147265625 1 0.1467355671875 1 0.1325110453125
0 1 0.11021588906249999 0.9943521093750001 0.11015625 0.9914162031250001 0.112109375 0.8974671578125001 0.112109375 0.8930632953125001 0.1150390625 0.8930632953125001 0.1306640625 0.8974671578125001 0.13359375 0.9958200640625 0.1326171875 1 0.1325716015625 1 0.11021588906249999
0 1 0.0969416390625 0.9209544187500001 0.096484375 0.9180185109375 0.0984375 0.8959992031249999 0.0994140625 0.8959992031249999 0.1091796875 0.900403065625 0.112109375 0.99288415625 0.1111328125 1 0.111059984375 1 0.0969416390625
0 1 0.0828125 0.900403065625 0.0828125 0.8930632953125001 0.0857421875 0.8930632953125001 0.0955078125 0.8974671578125001 0.0984375 0.9033389734374999 0.096484375 0.9092107890625 0.0984375 0.9253582796875002 0.0974609375 1 0.096996865625 1 0.0828125
0 1 0.0671875 0.8915953421874999 0.0671875 0.88719148125 0.0701171875 0.88719148125 0.0759765625 0.8915953421874999 0.07890625 1 0.0780159203125 1 0.0671875
0 1 0.0459102859375 0.8901273890624999 0.0466796875 0.8901273890624999 0.0642578125 0.89453125 0.0671875 1 0.06622635624999999 1 0.0459102859375
0 1 0.033984375 0.9972880171875002 0.033984375 0.9943521093750001 0.0359375 0.98848029375 0.033984375 0.9826084796875 0.0359375 0.888659434375 0.0359375 0.8842555734375 0.0388671875 0.8857235265625001 0.045703125 1 0.045042056250000004 1 0.033984375
0 1 0.0203125 0.9062748796874999 0.0203125 0.90187101875 0.0251953125 0.90187101875 0.0330078125 0.9062748796874999 0.0359375 1 0.0352523234375 1 0.0203125
0 1 0 0.9096511750000001 0 0.9136146499999999 0.0017578125 0.9062748796874999 0.0046875 0.8974671578125001 0.002734375 0.8930632953125001 0.0056640625 0.8901273890624999 0.0193359375 0.89453125 0.022265625 0.8989351124999999 0.0212890625 0.9033389734374999 0.018359375 0.9121466953125001 0.018359375 0.915082603125 0.0203125 1 0.0203125 1 0
0 0.750671775 0.4890625 0.612684115625 0.48515625 0.506991440625 0.48515625 0.506991440625 0.498828125 0.677274084375 0.502734375 0.7521397296875 0.5017578125 0.750671775 0.4890625
0 0.5275427953125 0.48515625 0.7521397296875 0.4880859375 0.7521397296875 0.4685546875 0.7447999609375 0.465625 0.6332354703125 0.463671875 0.5172671171875 0.4646484375 0.5143312109375 0.4802734375 0.5275427953125 0.48515625
0 0.5172671171875 0.4607421875 0.5334146093750001 0.463671875 0.650850915625 0.465625 0.7521397296875 0.4646484375 0.750671775 0.44609375 0.5216709796875 0.4421875 0.5172671171875 0.4451171875 0.5172671171875 0.4607421875
0 0.5246068875 0.416796875 0.5172671171875 0.4216796875 0.5172671171875 0.4353515625 0.5246068875 0.4421875 0.5921327625 0.444140625 0.7521397296875 0.4431640625 0.750671775 0.420703125 0.5422223328125 0.41484375 0.5246068875 0.416796875
0 0.7521397296875 0.4060546875 0.7477358671875 0.403125 0.5422223328125 0.401171875 0.537818471875 0.4041015625 0.537818471875 0.4119140625 0.5422223328125 0.41484375 0.5657095937500001 0.416796875 0.624427746875 0.41875 0.7521397296875 0.4177734375 0.7521397296875 0.4060546875
0 0.7447999609375 0.39140625 0.55103005625 0.389453125 0.5466261953125 0.3923828125 0.5436902859374999 0.3982421875 0.5480941484375 0.401171875 0.5803891328125 0.403125 0.7477358671875 0.405078125 0.7521397296875 0.4021484375 0.7521397296875 0.3943359375 0.7447999609375 0.39140625
0 0.5348825640625 0.3630859375 0.5319466562499999 0.3767578125 0.5363505171874999 0.38359375 0.7271845140625001 0.3875 0.7447999609375 0.3875 0.7521397296875 0.3845703125 0.7521397296875 0.3689453125 0.7477358671875 0.366015625 0.5348825640625 0.3630859375
0 0.5480941484375 0.3484375 0.5436902859374999 0.3513671875 0.5436902859374999 0.3572265625 0.5480941484375 0.362109375 0.7095690687499999 0.366015625 0.7447999609375 0.366015625 0.749203821875 0.3630859375 0.7477358671875 0.350390625 0.5480941484375 0.3484375
0 0.5334146093750001 0.326953125 0.5290107484375 0.3298828125 0.5290107484375 0.3376953125 0.5334146093750001 0.340625 0.7477358671875 0.342578125 0.7521397296875 0.3396484375 0.7521397296875 0.3337890625 0.7477358671875 0.330859375 0.5334146093750001 0.326953125
0 0.518735071875 0.326953125 0.749203821875 0.3279296875 0.7477358671875 0.311328125 0.5304787015625 0.307421875 0.518735071875 0.307421875 0.511395303125 0.3103515625 0.5084593953125001 0.3201171875 0.518735071875 0.326953125
0 0 0.509375 0 0.634068353125 0.17929901718750002 0.9507411874999999 0.194713921875 0.9625 0.1955075734375 0.9625 0.2484375 0.8646237046875 0.2484375 0.8430937046875 0.244232759375 0.7728862578125 0.0940321375 0.5209678828125 0.0838220109375 0.509375 0 0.509375
0 0.0138779171875 0.509375 0.3890625 0.9127604312500001 0.3890625 0.7482144953125001 0.16537932187499998 0.509375 0.0138779171875 0.509375
0 0.3890625 0.509375 0.3890625 0.6746898890625 0.416954328125 1 0.4875 1 0.4875 0.7512324015624999 0.46564121406250003 0.509375 0.3890625 0.509375
0 0.563292175 1 0.5487355578125 0.5434802000000001 0.5440104859375 0.5293782515625 0.51818939375 0.5293782515625 0.4315696625 0.536178425 0.42529865000000006 0.5568611890625 0.450436515625 1 0.563292175 1
0 0.6741283578124999 1 0.6730328640625001 0.9931876453124999 0.6087261734375 0.5350125968749999 0.542936584375 0.539204140625 0.5203772796875 0.5510130296875 0.5203772796875 0.5523714203125001 0.5998619843749999 1 0.6741283578124999 1
0 0.5842539453125 0.509375 0.599950571875 0.604450953125 0.6752837890625 1 0.7265947359375 1 0.643261303125 0.536095703125 0.6375979578125 0.509375 0.5842539453125 0.509375
0 0.834375 1 0.834375 0.98196743125 0.8017526015625001 0.5882834890625 0.797510084375 0.5831475828125 0.7717084140624999 0.5831475828125 0.714106296875 0.58770888125 0.710239146875 0.5958966859375 0.74981270625 1 0.834375 1
0 0.916142525 1 0.9703125 0.6741900515625 0.9703125 0.6589247406250001 0.9702187203125 0.6561227734375 0.9605184234374999 0.6438489125 0.9033034296875 0.6228191265625 0.8729845921875 0.6305609984375 0.8656972093749999 0.6556865359375 0.8159060828125 1 0.916142525 1
0 1 1 1 0.6271090515625 0.9917955593750001 0.61950928125 0.9362749687499999 0.600772390625 0.9268686687500001 0.6114588734375 0.9486853890625 0.622327175 0.9518680359375 0.651500553125 0.9265954859375001 0.84633298125 0.9265954859375001 0.9736432328125 0.9320207593750001 1 1 1