0 0.09074315625 0 0.1593021234375 0.2831778875 0.160057915625 0.2847075640625 0.18498079375 0.2847075640625 0.215232828125 0.26547643593750003 0.221875 0.132177153125 0.221875 0.12686424062499999 0.191981 0 0.09074315625 0
0 0.26252906249999997 0 0.3587667484375 0.371883303125 0.364082440625 0.3861269671875 0.3853505875 0.3861269671875 0.421137790625 0.3730532171875 0.4265625 0.3607834328125 0.4265625 0.35499785156249997 0.40843588437499995 0.27579635156250004 0.383537275 0.11671665625000001 0.35391866250000004 0 0.26252906249999997 0
0 0.34796182343750004 0 0.342232109375 0.29609996875 0.3414180953125 0.36567263906249997 0.3462198359375 0.3734878140625 0.38326981718750003 0.379629759375 0.41765071249999997 0.379629759375 0.42159116250000006 0.37208934843749997 0.429684796875 0 0.34796182343750004 0
0 0.4528850734375 0 0.48629821093750003 0.31299411250000003 0.4984901953125 0.3246256984375 0.5296875 0.3206157 0.5296875 0.1559515671875 0.5121903203125 0 0.4528850734375 0
0 0.5296875 0 0.5233357875 0 0.48939779375 0.2499010109375 0.4736336296875 0.33055808125 0.4721854921875 0.374422090625 0.478086671875 0.3823076546875 0.5296875 0.380835678125 0.5296875 0
0 0.5296875 0 0.5296875 0.31752540156250003 0.5510054 0.4296875 0.65712043125 0.4296875 0.570874753125 0 0.5296875 0
0 0.615636525 0 0.615636525 0.4296875 0.728126496875 0.4296875 0.716165440625 0 0.615636525 0
0 0.701300509375 0 0.7463605265625001 0.29262140468750003 0.7701412953125001 0.4296875 0.88206284375 0.4296875 0.8747817703124999 0.3803560578125 0.8107682140625 0 0.701300509375 0
0 0.88059664375 0 0.8694582734375 0.1669626453125 0.8548432234375 0.4296875 0.95387436875 0.4296875 0.9578125 0.35512496250000003 0.9578125 0 0.88059664375 0
0 0.87178495 0 0.87178495 0.03603706875 0.9516467593750001 0.29291690937500003 0.9983782328124999 0.4296875 1 0.4296875 1 0.0818671265625 0.9625514718750001 0 0.87178495 0
0 0.014133028124999999 0.4296875 0 0.677278425 0 1 0.0735737296875 1 0.0780776265625 0.9270974703124999 0.09706743281249999 0.4296875 0.014133028124999999 0.4296875
0 0.07580837343749999 0.4296875 0.1270661296875 1 0.2473965203125 1 0.1820628078125 0.4296875 0.07580837343749999 0.4296875
0 0.27541534687499997 0.4296875 0.2017366 1 0.2861495765625 1 0.314040909375 0.6993722796874999 0.328125 0.5745369921875 0.328125 0.4296875 0.27541534687499997 0.4296875
0 0.2109375 0.4296875 0.2109375 0.5319019484374999 0.3403448015625 1 0.3960734921875 1 0.23200841562500002 0.4296875 0.2109375 0.4296875
0 0.36822585937499996 0.4296875 0.2810263171875 1 0.3732851234375 1 0.451610659375 0.4296875 0.36822585937499996 0.4296875
0 0.4339015640625 0.4296875 0.4621756640625 1 0.5296875 1 0.5296875 0.4748395703125 0.5265065 0.4296875 0.4339015640625 0.4296875
0 0.606073034375 0.4296875 0.5296875 0.8655592999999999 0.5296875 1 0.6291525499999999 1 0.7276675328125 0.4296875 0.606073034375 0.4296875
0 0.7211016171875 0.4296875 0.7029483328125 0.9877449046875 0.7029483328125 0.9974077250000001 0.7033938109375 1 0.8409991250000001 1 0.855897646875 0.4296875 0.7211016171875 0.4296875
0 1 0.4296875 0.9369136046875 0.4296875 0.7811772359375 1 0.944384853125 1 1 0.8021396609375 1 0.4296875