0 0.4296875 0.24050876250000003 0.4186462390625 0.20968523593750002 0.41234977656250005 0.20184713125 0.3855519859375 0.22101448124999998 0.36157967968750004 0.22107236718749998 0.3546875 0.2376641140625 0.3546875 0.2457853015625 0.3558364953125 0.2527117203125 0.4296875 0.44701809218750005 0.4296875 0.24050876250000003
0 0.4296875 0.171828734375 0.4034016375 0.1641550234375 0.39989408125 0.1641550234375 0.3884703 0.177710521875 0.3163200421875 0.509375 0.38293863125 0.509375 0.4296875 0.286870721875 0.4296875 0.171828734375
0 0.323169171875 0.509375 0.36209152499999997 0.1903380453125 0.321523128125 0.17829994062500001 0.3013612203125 0.1913114875 0.2636539578125 0.509375 0.323169171875 0.509375
0 0.2651863921875 0.509375 0.287400803125 0.18568348125 0.2516086078125 0.17490980312499999 0.2364609078125 0.17490980312499999 0.2246945984375 0.1810328421875 0.203515346875 0.509375 0.2651863921875 0.509375
0 0.2284444234375 0.509375 0.1460483484375 0.1816868765625 0.1125745109375 0.191347109375 0.103700796875 0.1878259625 0.0879325578125 0.1964818875 0.0859375 0.204462128125 0.0859375 0.2082509859375 0.16443889218750002 0.509375 0.2284444234375 0.509375
0 0.154859753125 0.509375 0.154859753125 0.45902353125 0.126774003125 0.192908440625 0.1360684640625 0.179114865625 0.154183853125 0.17617385624999998 0.1489284390625 0.1720015359375 0.1024444921875 0.1721494484375 0.10167315625 0.1717804484375 0.08002996875 0.1717804484375 0.06816127968749999 0.1781340796875 0.0671875 0.18246550625 0.0671875 0.196727115625 0.1012089375 0.509375 0.154859753125 0.509375
0 0.4296875 0.047265625 0.7193359375 0.047265625 0.72421875 0.0423828125 0.7212890625 0.00625 0.4296875 0.00625 0.4296875 0.047265625
0 0.4296875 0.07808593750000001 0.4341796875 0.084375 0.7349609375 0.084375 0.7359375 0.0501953125 0.4439453125 0.047265625 0.4296875 0.05011718750000001 0.4296875 0.07808593750000001
0 0.4296875 0.121484375 0.7134765625 0.121484375 0.7203125 0.1146484375 0.718359375 0.0873046875 0.4296875 0.084520071875 0.4296875 0.121484375
0 0.7447265625 0.1546875 0.7466796875 0.121484375 0.4458984375 0.121484375 0.4390625 0.1283203125 0.4390625 0.1458984375 0.4439453125 0.1546875 0.7447265625 0.1546875
0 0.7388671875 0.191796875 0.74375 0.1771484375 0.741796875 0.1576171875 0.4380859375 0.1546875 0.43515625 0.1888671875 0.7388671875 0.191796875
0 0.4296875 0.2288470265625 0.7232421875 0.226953125 0.7251953125 0.19375 0.4296875 0.19184349843749998 0.4296875 0.2288470265625
0 0.7583984375 0.262109375 0.7583984375 0.22890625 0.4595703125 0.22890625 0.452734375 0.2318359375 0.45078125 0.2474609375 0.4556640625 0.262109375 0.7583984375 0.262109375
0 0.74765625 0.3021484375 0.74765625 0.2650390625 0.4439453125 0.262109375 0.441015625 0.3001953125 0.4458984375 0.305078125 0.7369140625 0.305078125 0.74765625 0.3021484375
0 0.4296875 0.3364118296875 0.4341796875 0.3421875 0.7232421875 0.3421875 0.7359375 0.3373046875 0.7330078125 0.305078125 0.4322265625 0.305078125 0.4296875 0.3198046875 0.4296875 0.3364118296875
0 0.7828125 0.0384765625 0.7720703125 0.03359375 0.7408203125 0.04140625 0.74375 0.0833984375 0.80234375 0.3392578125 0.8169921875 0.3421875 0.8482421875 0.332421875 0.847265625 0.3119140625 0.7828125 0.0384765625
0 0.4296875 1 0.4296875 0.9868965249999999 0.3711369140625 0.8592593546874999 0.4076949109375 0.838691909375 0.4000741375 0.792752078125 0.3524466796875 0.7526138890625 0.2853224734375 0.7696317687500001 0.28125 0.7758236593750001 0.28125 0.78767873125 0.31488237343750003 1 0.4296875 1
0 0.3235854078125 1 0.37579783125 0.7621264921875 0.3194446609375 0.748508546875 0.304676478125 0.748508546875 0.2946029296875 0.7519044234375001 0.240596009375 1 0.3235854078125 1
0 0.23490382968749998 1 0.2676765203125 0.7275844890625001 0.1940109859375 0.7224001453125 0.1802898875 0.7306971203125 0.145544003125 1 0.23490382968749998 1
0 0.1425529359375 1 0.1615080671875 0.7350975125 0.16931539843750001 0.7056340296875 0.149938303125 0.68944775 0.0876365890625 0.68944775 0.0645509875 1 0.1425529359375 1
0 0.10888895937500001 1 0 0.551380790625 0 0.9927929468750001 0.001786909375 1 0.10888895937500001 1
0 0.9565157203125001 1 0.9013697687499999 0.8322069750000001 0.8796416328125 0.7848670328124999 0.8624305859374999 0.8102510781250001 0.828125 0.8372388390625 0.828125 0.8614744015625 0.8723613578125 1 0.9565157203125001 1
0 0.8277868984375001 1 0.731417740625 0.7745077328125 0.722058921875 0.7602564125 0.7104951140625 0.76283135625 0.6703125 0.7953375109375 0.6703125 0.8135744890625001 0.7445627203124999 1 0.8277868984375001 1
0 0.7359345359375 1 0.7680041921875 0.7296954890625 0.7063445046875 0.724927021875 0.685759209375 0.724927021875 0.6472451078125 1 0.7359345359375 1
0 0.63233610625 1 0.652859753125 0.7288375890625 0.588530009375 0.72726195625 0.5743226515625001 0.7395446906250001 0.551270915625 1 0.63233610625 1
0 0.5436347546875 1 0.553841709375 0.724044671875 0.5241460734375 0.7204868937500001 0.4727925078125 0.7204868937500001 0.4722958046875 0.7214828390625 0.45896848281249997 1 0.5436347546875 1