0 0 0.37923886875 0.078125 0.09614988125 0.078125 0.0679754953125 0.07210018124999999 0.0566418390625 0.0483345359375 0.059926115625 0.020103340625 0.044564634375 0.014545421875 0.0532518890625 0.0034094468750000004 0.096741078125 0.00045773125 0.13567474375 0 0.136586790625 0 0.37923886875
0 0.128125 0.51875 0.128125 0.038827803125 0.12046578125 0.02398621875 0.0657795484375 0.0246803375 0.060948539062499994 0.033620325 0.06697610000000001 0.0624575890625 0.0680019734375 0.51875 0.128125 0.51875
0 0.1485033078125 0.51875 0.2421875 0.078395496875 0.2421875 0.069104821875 0.2284810203125 0.052358757812500004 0.185512509375 0.0502915578125 0.095987590625 0.47850181718749996 0.0882029640625 0.51875 0.1485033078125 0.51875
0 0.296875 0.51875 0.296875 0.4633225890625 0.1992791015625 0.046406550000000005 0.1803905515625 0.0375347453125 0.13715757343749999 0.051403624999999994 0.2485042515625 0.51875 0.296875 0.51875
0 0.250753878125 0.51875 0.3578125 0.065365590625 0.3578125 0.0614116890625 0.35560236562499997 0.0534262671875 0.33960742499999996 0.045339690625 0.33080208906249997 0.049162489062499995 0.29705048437500003 0.04069143125 0.205897103125 0.44223828750000005 0.205897103125 0.51875 0.250753878125 0.51875
0 0.41875 0.51875 0.41875 0.434341965625 0.3376833921875 0.0441701921875 0.3328663046875 0.0358525015625 0.317676746875 0.0312024734375 0.302718615625 0.0312024734375 0.2967916359375 0.0355196640625 0.2503636453125 0.0427281421875 0.246421221875 0.0475708625 0.26541419843749997 0.0475339640625 0.2789907984375 0.0593266265625 0.3760323375 0.51875 0.41875 0.51875
0 0.46875 0.4477864578125 0.481640625 0.44348958281249995 0.481640625 0.11796875 0.4767578125 0.1140625 0.46875 0.11484375 0.46875 0.4477864578125
0 0.524609375 0.1127604171875 0.4923828125 0.1088541671875 0.497265625 0.21171875 0.4953125 0.44348958281249995 0.52265625 0.44609375 0.524609375 0.1127604171875
0 0.493359375 0.4486979171875 0.4953125 0.13359375 0.4826171875 0.1270833328125 0.481640625 0.44609375 0.493359375 0.4486979171875
0 0.55390625 0.41223958281249995 0.5529296875 0.10625 0.5265625 0.11015625 0.524609375 0.40442708281249995 0.5265625 0.44348958281249995 0.536328125 0.44609375 0.551953125 0.44348958281249995 0.55390625 0.41223958281249995
0 0.57734375 0.14401041718750002 0.5607421875 0.1427083328125 0.555859375 0.15703125 0.55390625 0.4330729171875 0.56953125 0.4330729171875 0.57734375 0.14401041718750002
0 0.571484375 0.4174479171875 0.5763671875 0.4421875 0.598828125 0.4408854171875 0.60859375 0.11796875 0.5841796875 0.1140625 0.579296875 0.1205729171875 0.571484375 0.4174479171875
0 0.630078125 0.11536458281249999 0.6251953125 0.11145833281249999 0.610546875 0.1127604171875 0.60078125 0.3731770828125 0.60078125 0.4408854171875 0.61640625 0.4408854171875 0.630078125 0.1622395828125 0.630078125 0.11536458281249999
0 0.645703125 0.44348958281249995 0.653515625 0.4408854171875 0.65546875 0.42265625 0.67109375 0.13619791718750002 0.67109375 0.10755208281249999 0.6662109375 0.10364583281249999 0.630078125 0.10755208281249999 0.618359375 0.4408854171875 0.645703125 0.44348958281249995
0 0.673046875 0.1049479171875 0.65546875 0.4408854171875 0.68671875 0.44348958281249995 0.69453125 0.4330729171875 0.716015625 0.10234375 0.716015625 0.0841145828125 0.6994140625 0.0802083328125 0.6740234375 0.0802083328125 0.6515625 0.0919270828125 0.673046875 0.1049479171875
0 0.6994140625 0.0645833328125 0.690625 0.0684895828125 0.6935546875 0.07760416718749999 0.716015625 0.08151041718749999 0.700390625 0.39921875 0.7384765625 0.44739583281249995 0.76484375 0.45390625 0.7853515625 0.4526041671875 0.7921875 0.4408854171875 0.801953125 0.06588541718749999 0.7970703125 0.059375 0.6994140625 0.0645833328125
0 0.852734375 0.4018229171875 0.860546875 0.0841145828125 0.8068359375 0.0802083328125 0.79609375 0.42265625 0.8029296875 0.4421875 0.844921875 0.4408854171875 0.85078125 0.43567708281249995 0.852734375 0.4018229171875
0 0.860546875 0.1127604171875 0.852734375 0.4330729171875 0.86640625 0.43828125 0.872265625 0.43567708281249995 0.87421875 0.41223958281249995 0.8810546875 0.1088541671875 0.860546875 0.1127604171875
0 0.90546875 0.11015625 0.9005859375 0.10625 0.883984375 0.11015625 0.87421875 0.35234375 0.87421875 0.43567708281249995 0.89375 0.43567708281249995 0.90546875 0.1388020828125 0.90546875 0.11015625
0 0.92890625 0.1127604171875 0.9240234375 0.10625 0.90546875 0.11015625 0.89765625 0.30807291718749996 0.895703125 0.43567708281249995 0.91328125 0.43828125 0.926953125 0.19869791718750002 0.92890625 0.1127604171875
0 0.934765625 0.43567708281249995 0.9494140625 0.0984375 0.92890625 0.10234375 0.9171875 0.4330729171875 0.934765625 0.43567708281249995
0 1 0.1110376609375 0.9533203125 0.10625 0.938671875 0.42265625 0.9552734375 0.4369791671875 1 0.435710328125 1 0.1110376609375
0 0.1012869640625 0.51875 0.1038278140625 0.553657403125 0.1002718625 0.6005610140625001 0.0924533140625 0.626141859375 0.0918606546875 0.6339591265625 0.0964335109375 0.6382650265625001 0.2738414984375 0.67633621875 0.34082475625 0.6975324781250001 0.43332532031250004 0.7181887640625 0.46875 0.7066132109375001 0.46875 0.5311097828125 0.24476567187499998 0.542870278125 0.213998 0.5351162656249999 0.1907607109375 0.51875 0.1012869640625 0.51875
0 0.46875 0.7221583 0.44570213125 0.7315075 0.099606953125 0.6671771093750001 0.09177725625000001 0.6642912296875 0.0887935765625 0.655042821875 0.098470396875 0.6397045828125 0.1003023078125 0.6188672828125 0.0973490546875 0.6148452453125 0.052461415624999994 0.6211168078125 0.0476610390625 0.6353188890625 0.053582757812500006 0.645976146875 0.057870346875 0.71144210625 0.054160884374999996 0.7452771578125 0.04837609375 0.7581385609375 0.051374984375 0.77000015 0.1238110984375 0.7986544125 0.15117700625 0.8022220265625 0.2059848890625 0.822423175 0.2775322640625 0.853125 0.35053314062499996 0.853125 0.46875 0.83197664375 0.46875 0.7221583
0 0.46875 1 0.46875 0.8502310156250001 0.314157703125 0.8423676609375 0.26601076875 0.8216201828124999 0.23910663125 0.7958196546874999 0.16979398125 0.75079025 0.15066591093749998 0.745728253125 0.13377740625 0.749264940625 0.12523219375 0.7563439093750001 0.123646146875 0.76393019375 0.13056677187500002 0.779105003125 0.1289036390625 0.8160262671874999 0.10958285781249999 0.88430171875 0.1396590875 0.894929675 0.15772979375 0.9050491953125 0.1604980421875 0.9111191171874999 0.2034352390625 0.9278192359374999 0.21194191093749998 0.9354077578125001 0.24063401562500003 0.943000753125 0.37813323906249996 1 0.46875 1
0 0.47483918125 0.51875 0.46875 0.5322810828125 0.46875 0.592175859375 0.4690634796875 0.5921875 0.47214066875 0.5921875 0.5034636984375 0.51875 0.47483918125 0.51875
0 0.5021727359375 0.51875 0.480134828125 0.5845570203125 0.480275521875 0.59060179375 0.4825506328125 0.5921875 0.5042335437500001 0.5921875 0.5060286406250001 0.5910524015624999 0.52875594375 0.51875 0.5021727359375 0.51875
0 0.525607559375 0.51875 0.496451059375 0.5688809453125 0.49041605468749994 0.5832333375000001 0.49413656406250006 0.58720845 0.508658090625 0.5921875 0.5317966234375 0.5921875 0.5629359265625 0.51875 0.525607559375 0.51875
0 0.5620043 0.51875 0.56617954375 0.5808109359375 0.5699399828125 0.596875 0.5908704953124999 0.596875 0.5935842828125 0.596275553125 0.60625 0.5328982812499999 0.60625 0.51875 0.5620043 0.51875
0 0.6022339203125 0.51875 0.5935143843749999 0.5211677078125 0.5686155234375 0.5909330234375 0.549854053125 0.648659171875 0.549854053125 0.6887703078125 0.57881845625 0.69375 0.5953824625 0.69375 0.5957844156250001 0.693665 0.607470365625 0.681665390625 0.6416279640625 0.5974819265625 0.646875 0.5423517828125 0.646875 0.5294144265625 0.6443588359375 0.526907253125 0.607668228125 0.51875 0.6022339203125 0.51875
0 0.634523709375 0.51875 0.6508857484374999 0.6130859375 0.655289609375 0.616015625 0.67290505625 0.616015625 0.6773089171875 0.6130859375 0.6773089171875 0.6072265625 0.659275478125 0.51875 0.634523709375 0.51875
0 0.6567249421875 0.51875 0.6567575640625 0.5193359375 0.6773089171875 0.6130859375 0.681712778125 0.616015625 0.6905205015625 0.616015625 0.69198845625 0.6072265625 0.674748153125 0.51875 0.6567249421875 0.51875
0 0.6737512875 0.51875 0.6890525484375 0.6052734375 0.69198845625 0.6130859375 0.699328225 0.616015625 0.70666799375 0.6130859375 0.70666799375 0.5974609375 0.6932736078125 0.51875 0.6737512875 0.51875
0 0.8299761140624999 0.5251953125 0.825572253125 0.522265625 0.719879578125 0.522265625 0.7184116234375 0.5349609375 0.7228154859375 0.545703125 0.8299761140624999 0.5447265625 0.8299761140624999 0.5251953125
0 0.7081359468749999 0.549609375 0.7037320859375 0.5544921875 0.7140077625 0.561328125 0.825572253125 0.561328125 0.8299761140624999 0.5544921875 0.8299761140624999 0.5486328125 0.825572253125 0.545703125 0.719879578125 0.545703125 0.7081359468749999 0.549609375
0 0.731623209375 0.576953125 0.8197004375000001 0.576953125 0.8241042999999999 0.5740234375 0.8241042999999999 0.5642578125 0.8197004375000001 0.561328125 0.7228154859375 0.561328125 0.72134753125 0.5681640625 0.731623209375 0.576953125
0 0.734559115625 0.590625 0.8167645296874999 0.592578125 0.8211683921875 0.5896484375 0.8197004375000001 0.57890625 0.799149084375 0.576953125 0.731623209375 0.576953125 0.7301552546875 0.5876953125 0.734559115625 0.590625
0 0.734559115625 0.592578125 0.7330911625000001 0.6072265625 0.74043093125 0.612109375 0.8197004375000001 0.612109375 0.8241042999999999 0.6052734375 0.8241042999999999 0.5955078125 0.8167645296874999 0.590625 0.7433668390625 0.590625 0.734559115625 0.592578125
0 0.46875 0.60531545 0.5642764734375 0.60625 0.568680334375 0.6033203125 0.56721238125 0.596484375 0.48207105937500005 0.59453125 0.46875 0.59453125 0.46875 0.60531545
0 0.46875 0.6150069046875 0.5642764734375 0.616015625 0.568680334375 0.6111328125 0.568680334375 0.5994140625 0.561340565625 0.596484375 0.46875 0.5949820265625 0.46875 0.6150069046875
0 0.46875 0.624236490625 0.568680334375 0.6248046875 0.5584046578125 0.616015625 0.5143660437500001 0.6140625 0.46875 0.6143959750000001 0.46875 0.624236490625
0 0.46875 0.6437319515625 0.55546875 0.6453125 0.56280851875 0.6423828125 0.5657444265625 0.6306640625 0.561340565625 0.62578125 0.46875 0.6230436375 0.46875 0.6437319515625
0 0.46875 0.6592892140625001 0.55546875 0.6609375 0.56280851875 0.6560546875 0.56280851875 0.6462890625 0.5584046578125 0.643359375 0.46875 0.6425641328125 0.46875 0.6592892140625001
0 0.46875 0.6731230578125 0.5525328421875 0.674609375 0.5598726109375 0.6697265625 0.5598726109375 0.6638671875 0.549596934375 0.658984375 0.46875 0.6574693390624999 0.46875 0.6731230578125
0 0.46875 0.69341676875 0.5525328421875 0.694140625 0.5598726109375 0.6912109375 0.5584046578125 0.674609375 0.46875 0.673099421875 0.46875 0.69341676875
0 0.628866440625 0.684375 0.6273984875 0.6931640625 0.6435459796874999 0.69609375 0.8108927140625 0.69609375 0.818232484375 0.6912109375 0.818232484375 0.6853515625 0.8079568078125 0.682421875 0.6376741640625 0.682421875 0.628866440625 0.684375
0 0.6406100718750001 0.684375 0.8167645296874999 0.684375 0.8211683921875 0.6814453125 0.8211683921875 0.6736328125 0.8167645296874999 0.670703125 0.6376741640625 0.670703125 0.6362062109375 0.6814453125 0.6406100718750001 0.684375
0 0.6376741640625 0.670703125 0.818232484375 0.6697265625 0.818232484375 0.6619140625 0.8138286234375001 0.658984375 0.6376741640625 0.658984375 0.6376741640625 0.670703125
0 0.818232484375 0.6580078125 0.8167645296874999 0.6375 0.63473825625 0.6375 0.633270303125 0.6560546875 0.6376741640625 0.658984375 0.8138286234375001 0.6609375 0.818232484375 0.6580078125
0 0.63473825625 0.6375 0.818232484375 0.6365234375 0.818232484375 0.6326171875 0.8138286234375001 0.6296875 0.77859773125 0.627734375 0.6376741640625 0.627734375 0.6303343953125 0.6326171875 0.63473825625 0.6375
0 0.6376741640625 0.616015625 0.6362062109375 0.6267578125 0.6406100718750001 0.6296875 0.7815336390625001 0.6296875 0.8167645296874999 0.627734375 0.8211683921875 0.6189453125 0.8197004375000001 0.616015625 0.787405453125 0.6140625 0.6376741640625 0.616015625
0 0.83073945 0.51875 0.8299761140624999 0.5212890625 0.8343799765625001 0.52421875 0.9899830812499999 0.530078125 0.9987908046874999 0.530078125 1 0.529273703125 1 0.521116921875 0.9987908046874999 0.5203125 0.9318521109375 0.51875 0.83073945 0.51875
0 1 0.528018040625 0.8343799765625001 0.52421875 0.8343799765625001 0.5359375 0.9723676359375 0.53984375 1 0.5391084484374999 1 0.528018040625
0 1 0.539764215625 0.8329120218749999 0.5369140625 0.8299761140624999 0.5447265625 0.8343799765625001 0.549609375 0.9019058515625 0.5515625 1 0.5506685609375 1 0.539764215625
0 1 0.5515090203125 0.8343799765625001 0.549609375 0.8299761140624999 0.5525390625 0.83144406875 0.561328125 0.9107135750000002 0.56328125 1 0.5606216296875 1 0.5515090203125
0 1 0.5613692218749999 0.8270402062500001 0.5623046875 0.8241042999999999 0.5759765625 0.8285081609375 0.57890625 1 0.58077650625 1 0.5613692218749999
0 1 0.5808189359375 0.8241042999999999 0.5798828125 0.8211683921875 0.5916015625 0.825572253125 0.59453125 1 0.59453125 1 0.5808189359375
0 1 0.59453125 0.8343799765625001 0.59453125 0.825572253125 0.596484375 0.825572253125 0.612109375 1 0.612109375 1 0.59453125
0 1 0.612109375 0.8226363453125 0.612109375 0.8226363453125 0.623828125 0.9635599124999998 0.62578125 1 0.6234352578125 1 0.612109375
0 1 0.6286535578125 0.995854896875 0.627734375 0.825572253125 0.627734375 0.8211683921875 0.6306640625 0.818232484375 0.6423828125 0.8226363453125 0.651171875 1 0.651171875 1 0.6286535578125
0 1 0.651171875 0.8226363453125 0.651171875 0.8211683921875 0.6580078125 0.8285081609375 0.6609375 1 0.6609375 1 0.651171875
0 1 0.658984375 0.8373158843749999 0.658984375 0.8226363453125 0.6609375 0.8226363453125 0.67265625 0.9195212984375001 0.678515625 1 0.678515625 1 0.658984375
0 1 0.6804935640625 0.8211683921875 0.6814453125 0.818232484375 0.6912109375 0.8226363453125 0.69609375 1 0.69609375 1 0.6804935640625
0 0.8740147296874999 1 0.8740147296874999 0.9822265625 0.8696108671874999 0.979296875 0.6435459796874999 0.975390625 0.6273984875 0.9783203125 0.62584665 1 0.8740147296874999 1
0 0.872546775 0.965625 0.734559115625 0.96171875 0.628866440625 0.96171875 0.628866440625 0.975390625 0.799149084375 0.979296875 0.8740147296874999 0.9783203125 0.872546775 0.965625
0 0.6494177953125 0.96171875 0.8740147296874999 0.9646484375 0.8740147296874999 0.9451171875 0.8666749609375 0.9421875 0.7551104703125 0.940234375 0.6391421171875 0.9412109375 0.6362062109375 0.9568359375 0.6494177953125 0.96171875
0 0.6391421171875 0.9373046875 0.655289609375 0.940234375 0.7727259156249999 0.9421875 0.8740147296874999 0.9412109375 0.872546775 0.92265625 0.6435459796874999 0.91875 0.6391421171875 0.9216796875 0.6391421171875 0.9373046875
0 0.6464818875 0.893359375 0.6391421171875 0.8982421875 0.6391421171875 0.9119140625 0.6464818875 0.91875 0.7140077625 0.920703125 0.8740147296874999 0.9197265625 0.872546775 0.897265625 0.6640973328124999 0.89140625 0.6464818875 0.893359375
0 0.8740147296874999 0.8826171875 0.8696108671874999 0.8796875 0.6640973328124999 0.877734375 0.659693471875 0.8806640625 0.659693471875 0.8884765625 0.6640973328124999 0.89140625 0.6875845937499999 0.893359375 0.746302746875 0.8953125 0.8740147296874999 0.8943359375 0.8740147296874999 0.8826171875
0 0.8666749609375 0.86796875 0.67290505625 0.866015625 0.6685011953125001 0.8689453125 0.6655652859375 0.8748046875 0.6699691484375 0.877734375 0.7022641328125 0.8796875 0.8696108671874999 0.881640625 0.8740147296874999 0.8787109375 0.8740147296874999 0.8708984375 0.8666749609375 0.86796875
0 0.6567575640625 0.8396484375 0.65382165625 0.8533203125 0.6582255171875 0.86015625 0.8490595140625 0.8640625 0.8666749609375 0.8640625 0.8740147296874999 0.8611328125 0.8740147296874999 0.8455078125 0.8696108671874999 0.842578125 0.6567575640625 0.8396484375
0 0.6699691484375 0.825 0.6655652859375 0.8279296875 0.6655652859375 0.8337890625 0.6699691484375 0.838671875 0.83144406875 0.842578125 0.8666749609375 0.842578125 0.8710788218750001 0.8396484375 0.8696108671874999 0.826953125 0.6699691484375 0.825
0 0.655289609375 0.803515625 0.6508857484374999 0.8064453125 0.6508857484374999 0.8142578125 0.655289609375 0.8171875 0.8696108671874999 0.819140625 0.8740147296874999 0.8162109375 0.8740147296874999 0.8103515625 0.8696108671874999 0.807421875 0.655289609375 0.803515625
0 0.6406100718750001 0.803515625 0.8710788218750001 0.8044921875 0.8696108671874999 0.787890625 0.6523537015625 0.783984375 0.6406100718750001 0.783984375 0.633270303125 0.7869140625 0.6303343953125 0.7966796875 0.6406100718750001 0.803515625