0 0 0 0 0.26357755156249996 0.0018994921875000001 0.266646503125 0.0229843140625 0.28322373437500004 0.028744879687500002 0.2820375828125 0.031168400000000002 0.2684643125 0.0344305234375 0.053375004687500005 0.036338334374999996 0 0 0
0 0.0617753828125 0 0.0110655265625 0.28844890625 0.010187546875 0.3192445078125 0.0133886265625 0.3263476171875 0.0460979625 0.36150725 0.0580050859375 0.36454039531250004 0.064218196875 0.345583309375 0.0711202421875 0.2626673140625 0.0755581796875 0.24912653749999997 0.0954535890625 0.22778628437499998 0.08975957812499999 0.205796053125 0.0826492703125 0.1993738484375 0.0780222875 0.17975131718749998 0.079438584375 0.1641832921875 0.0847641078125 0.147934359375 0.11023348125000001 0 0.0617753828125 0
0 0.08651729062499999 0 0.056326448437499996 0.179539284375 0.056326448437499996 0.1888321859375 0.0631805171875 0.20857212500000002 0.079990140625 0.23350065625 0.09403144062499999 0.219990946875 0.11123979218749999 0.08548990937499999 0.1288861828125 0.0023913750000000003 0.1292266125 0 0.08651729062499999 0
0 0.19783860625 0.128125 0.18123495625 0.12932370937499998 0.15982663749999998 0.1655489484375 0.1420011359375 0.17463207187500002 0.05283259999999999 0.27156821875000003 0.05283259999999999 0.29799245937499996 0.064330109375 0.3151945140625 0.07879195781250001 0.359583475 0.08162868125 0.3800789390625 0.09195979374999999 0.3857851109375 0.108600865625 0.3716796421875 0.225117896875 0.23073220781249998 0.228125 0.21934918906249998 0.228125 0.21384918593750002 0.2264414421875 0.206710378125 0.208177609375 0.1631335703125 0.1999214734375 0.128125 0.19783860625 0.128125
0 0.155070728125 0 0.162200909375 0.035737790625 0.1720799796875 0.1068639296875 0.18450733749999998 0.1388330578125 0.2219877140625 0.13897124375 0.23068913906250002 0.11968838281250001 0.23125 0.11243778125 0.23125 0.0814565125 0.2262757171875 0 0.155070728125 0
0 0.274028346875 0 0.2738161578125 0.001864590625 0.25532417500000004 0.1319291578125 0.254207890625 0.16799230625 0.225911775 0.38112073125 0.23523625625000003 0.40342659531249997 0.2430467734375 0.402744028125 0.2731725546875 0.43607690625 0.285924384375 0.4375314859375 0.285446471875 0.4170214828125 0.3022247796875 0.2973825546875 0.3016273921875 0.27174505312499997 0.3052936953125 0.26114876875 0.3098373296875 0.20423433906250002 0.339895053125 0 0.274028346875 0
0 0.3560920484375 0 0.33169593750000004 0.1405999609375 0.32616290625 0.1973857359375 0.31479800625 0.25970565 0.314947425 0.28533146875000004 0.317923128125 0.2928147234375 0.35131904999999997 0.32124815624999997 0.3553464234375 0.34147615781249996 0.38071748125 0.3345787546875 0.39129966875 0.3056405625 0.4084366765625 0.2275361796875 0.41219509218750006 0.2016377125 0.3864953109375 0.1521583203125 0.386375775 0.13165766406249998 0.4119448421875 0 0.3560920484375 0
0 0.4390625 0 0.402800325 0 0.3904922375 0.11348403437500001 0.3904922375 0.1513306875 0.39191220000000004 0.158352465625 0.4168848875 0.19963854375 0.43421111718749994 0.20556645156250003 0.4390625 0.1616002296875 0.4390625 0
0 0.58452210625 0 0.58452210625 0.0178617640625 0.8692471062500001 0.41588976562499996 0.8893062546875001 0.43890156874999997 0.9120725828125 0.43890156874999997 0.9143427234375 0.4309780109375 0.9390625 0.397876009375 0.9390625 0.3951701734375 0.9370640109374999 0.38559309218750004 0.679245103125 0.019599809375 0.6636567640625 0 0.58452210625 0
0 0.7751634015625 0 0.7751634015625 0.0269812203125 0.962097009375 0.4788612125 0.9714715296875 0.49387545 0.9830547375 0.49224351874999994 1 0.47993815 1 0.384466759375 0.8661124062500001 0.037974582812500005 0.8466227453125 0 0.7751634015625 0
0 1 0 0.9300424421875 0 0.9300424421875 0.0525272203125 1 0.385406778125 1 0
0 0.4390625 0.7348906609375 0.38609575625 0.7399273125000001 0.3463834265625 0.73661218125 0.09623380312499999 0.7533077125000001 0.09354456562499999 0.75445019375 0.09354456562499999 0.8198923312499999 0.1028260171875 0.8643705234375 0.1588297125 0.931732015625 0.1968426890625 0.9640161015625001 0.2805622296875 0.9640161015625001 0.4390625 0.951654721875 0.4390625 0.7348906609375
0 0.4390625 0.6816974109375 0.0977560296875 0.5578125 0.0962888328125 0.5578125 0.08262073125 0.5802801921875 0.068791946875 0.6341770453125 0.0900156921875 0.7119251656250001 0.0980593234375 0.70900955 0.116005175 0.6655226203125 0.4390625 0.775452103125 0.4390625 0.6816974109375
0 0.4390625 0.5390625 0.241408484375 0.5390625 0.0676248421875 0.5674904093750001 0.0404329765625 0.57811694375 0.0404329765625 0.5930314109375 0.044668501562500004 0.6307801109375 0.0510899609375 0.6436549125 0.06198925625 0.6538330562500001 0.3314609296875 0.6018956375 0.4390625 0.587747603125 0.4390625 0.5390625
0 0.47226296406249996 0.5390625 0.47226296406249996 0.541961359375 0.4808817546875 0.5521605265625 0.4822372046875 0.5586560546875 0.48038419218749995 0.5638005734375 0.47226296406249996 0.5633344546875 0.47226296406249996 0.5656907390625 0.5431207921875 0.630703503125 0.5441398609375 0.631132609375 0.56084285 0.631132609375 0.578125 0.6135438484375 0.578125 0.6088342984375 0.5766380468750001 0.6043308546875 0.5434381953124999 0.6041756484375 0.49038703281250007 0.546288346875 0.4797098046875 0.5390625 0.47226296406249996 0.5390625
0 0.49910624062500003 0.5390625 0.49932262656250004 0.5403823328125 0.4984375 0.5425908484375 0.4984375 0.549479696875 0.54587828125 0.601473175 0.5946704687500001 0.597898965625 0.5953125 0.59629700625 0.5953125 0.587590546875 0.5944857328125 0.5847250015625 0.570790496875 0.584763365625 0.52400904375 0.5390625 0.49910624062500003 0.5390625
0 0.5269664093750001 0.5390625 0.5768522765624999 0.5913097281249999 0.6292868625000001 0.5867129234374999 0.634375 0.572495965625 0.634375 0.5656309828125 0.6251253828125 0.5510364562500001 0.614280325 0.542157771875 0.584342928125 0.5546117500000001 0.5668446109375 0.5390625 0.5269664093750001 0.5390625
0 0.5619274203125 0.5390625 0.5715757296875 0.55959568125 0.6132238703125 0.55959568125 0.6213049843749999 0.555995084375 0.625 0.5474384296875 0.625 0.5390625 0.5619274203125 0.5390625
0 0.6125 0.6 0.6125 0.63947595 0.6420890484375 0.8138216734375 0.6464762765625001 0.8212071312500001 0.6721533625 0.8092889218749999 0.67719929375 0.8148809828125 0.682959859375 0.8136948296875 0.690625 0.79754525 0.690625 0.7962482765625 0.6587493312499999 0.637983553125 0.6474519109375001 0.62041660625 0.64173975625 0.6 0.6125 0.6
0 0.6911717968750001 0.6015625 0.6830995625 0.6015625 0.6765819859375 0.6111645765625 0.67071814375 0.6121859328125 0.6700252375 0.620401159375 0.726419490625 0.769231396875 0.73549965625 0.7757443625 0.7468860562499999 0.76404765 0.7484375 0.7598602984375 0.7484375 0.7473082671875 0.7347136671875 0.7256951390624999 0.7235754640625001 0.6887814015625 0.695662740625 0.6224112796875 0.6911717968750001 0.6015625
0 0.6873739015625 0.6172753453125 0.7122885828125 0.6783622656249999 0.728527165625 0.7330279203125001 0.739757059375 0.7469350953125 0.74015280625 0.7469235796875 0.7484375 0.7372742531250001 0.7484375 0.729045384375 0.72187840625 0.6322739828125 0.709032884375 0.5984375 0.6873739015625 0.5984375 0.6873739015625 0.6172753453125
0 0.7192785468749999 0.6015625 0.7119137999999999 0.6015625 0.7041861796875001 0.609671890625 0.703125 0.6129845078125 0.703125 0.6279787453125 0.7405953546875 0.7005564984375 0.7779787546875 0.7828718046875001 0.7850880625000001 0.7859375 0.7859664109375 0.7859375 0.7984375 0.7685864109375 0.7984375 0.7681189265625 0.7898788046874999 0.7401960625 0.7192785468749999 0.6015625
0 0.7671875 0.642078025 0.7858305046874999 0.7698953562499999 0.7919454015625 0.78055715 0.8074879296875 0.77846835 0.8109375 0.77085688125 0.8109375 0.76933795625 0.800654253125 0.7613411015625 0.7809773765625 0.6015625 0.7671875 0.6015625 0.7671875 0.642078025
0 0.8078125 0.6 0.7953055156250001 0.6 0.7953055156250001 0.634314940625 0.7991006390625 0.7645170609375 0.8078125 0.7624298625 0.8078125 0.6
0 0.8515625 0.5984375 0.8413580249999999 0.5984375 0.843428409375 0.7870920703125 0.8473574109375 0.7869548671875 0.8515625 0.7860249453125 0.8515625 0.5984375
0 0.8453125 0.6708969953125 0.8483045109375 0.70538439375 0.8619447093750001 0.8071174734375 0.878125 0.8039684984375001 0.878125 0.79692665 0.8774200140625 0.7767385 0.8588440484375 0.6 0.8453125 0.6 0.8453125 0.6708969953125
0 0.8546469140624999 0.6015625 0.8546469140624999 0.630634075 0.8906354890625 0.8065447406249999 0.8950999921874999 0.8140625 0.8954544640625001 0.8140625 0.9046875 0.8113762609374999 0.9046875 0.7985943375 0.862544740625 0.6015625 0.8546469140624999 0.6015625
0 0.8700122171875 0.6689203890625001 0.8975451609375 0.7744639937500001 0.9062047671875 0.800183921875 0.9134603265625 0.8062832109375 0.9182111140625 0.8062832109375 0.9453125 0.7959035109375 0.9453125 0.7932278937499999 0.9026396921875002 0.637009078125 0.8892333109375 0.6 0.8700122171875 0.6 0.8700122171875 0.6689203890625001
0 0.9406647265625001 0.7812874140625 0.9464554796875 0.7812874140625 0.95 0.7806396328125 0.95 0.7441982265625 0.9344437687500001 0.6 0.9226638625 0.6 0.93802795625 0.7775005687500001 0.9406647265625001 0.7812874140625
0 0.9671875 0.6573752328125 0.9671875 0.6166816890625 0.9484903671874999 0.6808855578124999 0.930216021875 0.7575369203125 0.9391771203125 0.764988565625 0.9671875 0.6573752328125
0 0.9551045140625 0.5984375 0.9446988921875 0.5984375 0.9425958812499999 0.6032084015625 0.9707090546875001 0.76875 0.971256334375 0.76875 0.9796875 0.761822615625 0.9796875 0.7436344734375 0.955741315625 0.598462875 0.9551045140625 0.5984375
0 1 0.5967057296875 0.9908203125 0.59609375 0.987890625 0.6009765625 0.9859375 0.7669921875 1 0.7716796875 1 0.5967057296875
0 0.9703125 0.6074869796875 0.9703125 0.7669921875 0.9810546875 0.7751302078125001 0.9859375 0.7735026046875 0.9859375 0.6791015625 0.98984375 0.5977213546875 0.9732421875 0.59609375 0.9703125 0.6074869796875