0 0.093418684375 0 0.092423534375 0.0035796015624999997 0.0934350390625 0.0069723015625 0.0647071109375 0.1103080671875 0.0657186171875 0.11370076874999999 0.0417269421875 0.2 0.11796005624999999 0.2 0.1390625 0.12409347343749999 0.1390625 0.11765278125 0.1389775578125 0.1173678765625 0.1390625 0.1170623359375 0.1390625 0 0.093418684375 0
0 0.0329492390625 0 0.041208618749999995 0.0442390296875 0.043696254687500005 0.0467052828125 0.042904746875 0.0533238671875 0.04573163125 0.06846526562500001 0.0487846421875 0.07395979999999999 0.047427759375 0.07755010625 0.050820018749999994 0.0957197828125 0.0538730328125 0.1012143140625 0.0525161484375 0.10480461875 0.0536469015625 0.11086118125 0.0561345390625 0.113327434375 0.0723162125 0.2 0.1493494234375 0.2 0.132572684375 0.11014013281249999 0.130085046875 0.1076738765625 0.10998245 0 0.0329492390625 0
0 0.1724117734375 0 0.1618444234375 0.2 0.2113292046875 0.2 0.215625 0.124420165625 0.215625 0 0.1724117734375 0
0 0.1419603234375 0 0.1822846640625 0.2 0.26426232031249997 0.2 0.2317660046875 0.04939068125 0.22365937656249998 0.01818899375 0.21787558749999997 0 0.1419603234375 0
0 0.26838972656250004 0 0.26986144843750004 0.0061687109375 0.31920769843749996 0.2 0.3743551671875 0.2 0.32269006718750004 0 0.26838972656250004 0
0 0.35936241562500004 0 0.3670382125 0.048310140625 0.3937475453125 0.2 0.46472264062499996 0.2 0.43457378281250003 0.025434768749999996 0.4296688921875 0 0.35936241562500004 0
0 0.5208452984374999 0 0.5338982062500001 0.2 0.6053481406250001 0.2 0.5914195859375 0 0.5208452984374999 0
0 0.1218258078125 0.2 0.119738153125 0.207725778125 0.0803687671875 1 0.154925975 1 0.1765625 0.40421158125000006 0.1765625 0.2 0.1218258078125 0.2
0 0.175151278125 1 0.3640625 0.41823198124999994 0.3640625 0.209375 0.352271578125 0.209375 0.07975395156250001 1 0.175151278125 1
0 0.21096030937500002 0.2 0.2096041953125 0.2134420859375 0.318876434375 1 0.4118821921875 1 0.38782394062500003 0.8205675796874999 0.3076936234375 0.3153656921875 0.2879497921875 0.2 0.21096030937500002 0.2
0 0.4003871125 0.2 0.39570993906249996 0.20626824687499998 0.3232761484375 1 0.4449794734375 1 0.48125 0.45564060624999997 0.48125 0.212513721875 0.46842111875 0.203819928125 0.435714603125 0.2 0.4003871125 0.2
0 0.6153289984375 1 0.5324907453125001 0.6348079234374999 0.4484787296875 0.228372715625 0.43977238593749995 0.20902863906250002 0.43042479843750003 0.20625 0.4242252265625 0.20625 0.3874625578125 0.2118060984375 0.3859375 0.2156127265625 0.3859375 0.249550046875 0.5288133109375 1 0.6153289984375 1
0 0.5235223046875 0.2 0.5678980890624999 1 0.622047384375 1 0.5711759625 0.22818545 0.5657612109375 0.2 0.5235223046875 0.2
0 0.7231217734375 0.2 0.6296875 0.659789603125 0.6296875 0.9657954671875 0.6393004062500001 0.9563732171874999 0.6588751484375 0.871899628125 0.70690256875 0.713204909375 0.765625 0.4308353703125 0.765625 0.2 0.7231217734375 0.2
0 0.6848339921875 0.2 0.8049841859375 0.8730349984375 0.8175282984375001 0.9402239937499999 0.8236406265625 0.9458177843750001 0.8818311031249999 0.931756553125 0.89284199375 0.9255848578125001 0.89375 0.9221669171875 0.89375 0.9026272953125 0.7701132734375 0.2 0.6848339921875 0.2
0 0.839933753125 0.2 0.788142184375 0.8962307375 0.79802485 0.9102909359375001 0.8200780734374999 0.91234655 0.8454851703124999 0.91234655 0.8485692109375 0.9018632328125001 0.8767839203125 0.49280392187499994 0.8910142890625 0.36274016875 0.8953125 0.29576990625 0.8953125 0.2 0.839933753125 0.2
0 0.8137472296875 0.2 0.9335644609375 0.851809428125 0.9438461109375 0.933783215625 0.9544022546875001 0.9704566984374999 1 0.9704566984374999 1 0.8558194234375 0.8767648921875001 0.2 0.8137472296875 0.2
0 1 0.2 0.937249190625 0.2 0.9513558109375 0.85406315 0.9549135265625001 0.9562332125000002 0.9615583953125 0.9684990921875001 1 0.9684990921875001 1 0.2