0 0.559375 0.4261112265625 0.31956434843750003 0.4247555078125 0.2833587734375 0.421875 0.25405384531249997 0.421875 0.23681969062500002 0.4238912328125 0.179529846875 0.47013590625 0.13164684375 0.4968269921875 0.0787281609375 0.5386060500000001 0.086752146875 0.57193731875 0.09567874062500001 0.6447052953125 0.0930475625 0.6713746546875 0.0965813453125 0.6841420046875 0.2509238359375 0.6832203984375 0.2548051234375 0.68443325 0.3179886640625 0.68443325 0.3394877390625 0.6834038796875 0.34835577500000003 0.68443325 0.4168683390625 0.68443325 0.42611189375 0.6838142921875 0.43209369375 0.68443325 0.50592111875 0.68443325 0.51855529375 0.6835439062499999 0.5262169984375 0.68443325 0.559375 0.68443325 0.559375 0.4261112265625
0 0.559375 0.2619715234375 0.4792518078125 0.21144377812499998 0.3844945078125 0.208037046875 0.3145076671875 0.211615078125 0.1933365171875 0.20625 0.1283292296875 0.20625 0.1277053078125 0.206597953125 0.1265673546875 0.21432311093749998 0.128577971875 0.241091265625 0.12175025625 0.28744221875 0.1102566984375 0.325050390625 0.10753233749999999 0.3283073109375 0.10753233749999999 0.351960284375 0.1347428640625 0.3676463875 0.22513761875 0.333306334375 0.25684982343749996 0.3335835609375 0.55838185 0.42871852187500004 0.559375 0.428932775 0.559375 0.2619715234375
0 0.559375 0.10681509843749999 0.5483839765625 0.10682466406249999 0.48596192031249996 0.103125 0.2787431234375 0.103125 0.2122930265625 0.14224777500000002 0.16139987656250002 0.1685912375 0.134854621875 0.1752989140625 0.071764046875 0.20994507499999998 0.071764046875 0.2312883625 0.0749987640625 0.23617088437499997 0.08456685625 0.2691950953125 0.0916986890625 0.33442449218750003 0.0876741328125 0.3456502734375 0.094909928125 0.35913510937500004 0.14056039375 0.360120021875 0.1427924078125 0.3557999421875 0.1373491546875 0.33540940625000004 0.125074921875 0.321367840625 0.12642799062500001 0.3118765171875 0.133698440625 0.30811316718750004 0.46607304843749997 0.20428617343750002 0.559375 0.22928502968750003 0.559375 0.10681509843749999
0 0.559375 0 0.138657809375 0 0.140012746875 0.0268711140625 0.1334996171875 0.06324290625 0.13116045468749998 0.066203371875 0.13116045468749998 0.09381021875 0.14556078125 0.101678459375 0.16513674375 0.1024744984375 0.24194037812500002 0.07942862187500001 0.2735820875 0.0623969828125 0.32461680312499996 0.05662155625 0.559375 0.11656795312499998 0.559375 0
0 0.559375 0 0.559375 0.5002433234375 0.5917764937500001 0.7 0.673480075 0.7 0.5629309375 0.008094196875 0.5615551859375 0 0.559375 0
0 0.62334786875 0 0.603996765625 0.7 0.6645222343749999 0.7 0.6727210593749999 0.33168576875 0.6808868859375 0.2008233203125 0.684375 0.0013951562500000001 0.684375 0 0.62334786875 0
0 0.673482546875 0 0.78218491875 0.68381784375 0.7837751796875001 0.7 0.8520700921875001 0.7 0.737798271875 0 0.673482546875 0
0 0.7791974421875001 0 0.769921875 0.6971480578125 0.769921875 0.7 0.8622089625000001 0.7 0.8653913421875 0 0.7791974421875001 0
0 0.8673381890625 0 0.8638739734375 0.7 0.9396093624999999 0.7 0.9360932500000001 0 0.8673381890625 0
0 0.018532075000000002 0.7 0.018532075000000002 1 0.13162245781249998 1 0.1277249234375 0.7 0.018532075000000002 0.7
0 0.192178184375 0.7 0.1776744796875 0.7646557875 0.13794186718749998 1 0.27679219375 1 0.3254482609375 0.7 0.192178184375 0.7
0 0.331311734375 0.7 0.32598614531250003 0.7094390453125 0.332571328125 1 0.49422249375 1 0.48970181718749994 0.7 0.331311734375 0.7
0 0.559375 0.7 0.559375 0.77796893125 0.6188809796875 0.8987298375 0.6445750593749999 0.8987298375 0.65082725625 0.8936273140625 0.6625 0.870800646875 0.6625 0.8616209234375001 0.651617084375 0.8278885046875001 0.591855059375 0.7 0.559375 0.7
0 0.6422177359375001 0.7 0.6422177359375001 1 0.6682876171875 1 0.6663531015624999 0.9355792031250001 0.6558797578125 0.7641738296875 0.6543168234375 0.7 0.6422177359375001 0.7
0 0.6064636921875 0.7 0.6771841999999999 0.8867543578125 0.7171022625 1 0.7664470359375001 1 0.7616879187500001 0.9883495625000001 0.7045467375000001 0.8150468296875 0.677939821875 0.75158341875 0.6613617078125 0.7 0.6064636921875 0.7
0 0.7027634593750001 0.7 0.7027634593750001 0.8442962453125 0.7078331328124999 0.8711164203124999 0.7180094218749999 0.9613159046875 0.72544543125 1 0.7854107453125 1 0.7392588124999999 0.7 0.7027634593750001 0.7
0 0.7998018515625 0.7 0.8525112671875 1 0.9095555640625002 1 0.8761016421875001 0.80646475 0.86876505625 0.7408057593749999 0.861711496875 0.7 0.7998018515625 0.7
0 0.879296875 0.7 0.879296875 1 0.8996213328125 1 0.898828125 0.769675925 0.9002533140625001 0.7 0.879296875 0.7
0 0.9003631750000001 0.7 0.898828125 0.78414351875 0.898828125 1 0.9516171874999999 1 0.9556671874999999 0.7 0.9003631750000001 0.7
0 1 0.7 0.991924078125 0.7 0.9828125 0.79571759375 0.9678605046875 1 0.9962740390625001 1 1 0.9521604921875 1 0.7