0 0.6296875 0 0.6184120875 0 0.58125 0.364964759375 0.58125 0.3751244171875 0.5819504203125 0.376402625 0.6296875 0.376402625 0.6296875 0
0 0.5203125 0 0.5203125 0.376467146875 0.5205648296875001 0.3768276171875 0.5896101625 0.3768276171875 0.5910715843750001 0.37452273125 0.58453825625 0 0.5203125 0
0 0.4542056625 0 0.3796875 0.3404807515625 0.3796875 0.3506997796875 0.381521409375 0.35550525781250003 0.426181053125 0.3761276765625 0.43821862031250003 0.37261525624999997 0.47548050625 0.2117235875 0.5226102984375001 0 0.4542056625 0
0 0.3933607578125 0 0.3461238609375 0.2475408640625 0.3342998140625 0.2572521859375 0.31875 0.3293102921875 0.31875 0.375393146875 0.3243606375 0.38523749218750003 0.3448944 0.3920950609375 0.347371028125 0.3895768296875 0.37150655781249997 0.394128346875 0.386084934375 0.394128346875 0.38751909218749997 0.392670096875 0.393669146875 0.3609918109375 0.39614577500000003 0.3584735796875 0.3964646265625 0.3465925890625 0.39950035 0.3411945140625 0.4039731171875 0.3181557609375 0.40261467968750003 0.3149143046875 0.46471053281249997 0 0.3933607578125 0
0 0.35619844375 0 0.36476935 0.245887796875 0.3699047984375 0.25330628437499997 0.4050396328125 0.2539206859375 0.4078125 0.24957461093750002 0.4078125 0.249528253125 0.3982932265625 0 0.35619844375 0
0 0.3361496609375 0 0.34798138125 0.2660876125 0.351689528125 0.2706592296875 0.36107775625 0.2706592296875 0.37947813125 0.2664327796875 0.3684935109375 0 0.3361496609375 0
0 0.2722476921875 0 0.253125 0.38455046406250004 0.253125 0.39364365625 0.2570281765625 0.3997512140625 0.308178959375 0.3997512140625 0.318958175 0.3920491453125 0.32173515468749997 0.353142915625 0.32173515468749997 0 0.2722476921875 0
0 0.1527544421875 0 0.2161366703125 0.3007786234375 0.21845081406250003 0.3060488265625 0.2346232171875 0.3060488265625 0.26397352343749997 0.289725146875 0.2685045875 0.2822104390625 0.2685045875 0.27793829375 0.26408087343750003 0.21532613750000001 0.2178744046875 0 0.1527544421875 0
0 0.038897156249999995 0 0.003125 0.3791461203125 0.003125 0.3878662765625 0.0049120843749999995 0.3911045046875 0.0358225640625 0.395305184375 0.037482365625 0.398312775 0.0748234640625 0.3968959703125 0.0823742265625 0.38985423125 0.09191585937499999 0.3726040796875 0.0940366265625 0.35729407812499997 0.0940366265625 0 0.038897156249999995 0
0 1 0.509375 1 0 0.9981254265625001 0 0.9980214015625 0.0007917734375 0.9484566671875001 0.509375 1 0.509375
0 0.9193142812499999 0 0.8799942578125 0.0045721640625 0.874309034375 0.020638173437499997 0.8456537421875 0.509375 0.9361253375 0.509375 0.9361253375 0 0.9193142812499999 0
0 0.708278134375 0 0.7080475328125 0.0000963703125 0.7046875 0.009035415625 0.7046875 0.0200407265625 0.7376545828125 0.509375 0.8294779171875 0.509375 0.8294779171875 0.34158175 0.8138679421875 0.2460684765625 0.824276853125 0.20031676250000002 0.791480853125 0.15588120625 0.7501254609375 0.00027345625 0.749616809375 0 0.708278134375 0
0 0.6296875 1 0.6296875 0.509375 0.5691154640625 0.509375 0.5873800859375 1 0.6296875 1
0 0.5051463421875 0.509375 0.528942728125 1 0.6066285828125 1 0.604808934375 0.9558642953125001 0.5838011140625 0.509375 0.5051463421875 0.509375
0 0.464476728125 0.509375 0.43876416249999994 1 0.49391660000000004 1 0.49391660000000004 0.509375 0.464476728125 0.509375
0 0.36817820625 0.509375 0.37510167656250004 1 0.4494789453125 1 0.4425857671875 0.509375 0.36817820625 0.509375
0 0.33055944843749996 0.509375 0.280767209375 1 0.35102769375 1 0.35625 0.9473157546875001 0.35625 0.509375 0.33055944843749996 0.509375
0 0.1984375 0.509375 0.1984375 1 0.2680106015625 1 0.266839946875 0.509375 0.1984375 0.509375
0 0.113329821875 0.509375 0.116708171875 1 0.20135135937499998 1 0.20015390625 0.509375 0.113329821875 0.509375
0 0.0142619921875 0.509375 0.027734375 0.623021034375 0.058984375 0.9633950140625 0.0619140625 0.9724475140625 0.0755859375 0.9724475140625 0.115625 0.9561530156250001 0.113671875 0.836660021875 0.0799393171875 0.509375 0.0142619921875 0.509375
0 1 1 1 0.509375 0.9414015515624999 0.509375 0.9147506828124999 1 1 1
0 0.7960326703125 0.509375 0.771735384375 1 0.9099112296874999 1 0.9310609828124999 0.509375 0.7960326703125 0.509375
0 0.6296875 0.509375 0.6296875 0.691957965625 0.6879083375 1 0.8478837406249999 1 0.7589117203125 0.509375 0.6296875 0.509375