0 0.65 0.0799999125 0.5763794515625 0.309375 0.640506603125 0.309375 0.65 0.28007070624999997 0.65 0.0799999125
0 0.5931339125 0 0.5312498015625 0.309375 0.6027186421875 0.309375 0.6487386859375001 0.07611467499999999 0.6487386859375001 0.074506525 0.647614359375 0.071942546875 0.6487386859375001 0.06928207812500001 0.6487386859375001 0 0.5931339125 0
0 0.47934951249999996 0 0.44101894843749995 0.309375 0.506705221875 0.309375 0.5461173453125 0 0.47934951249999996 0
0 0.3795091453125 0 0.43694258281250004 0.309375 0.5090344703125 0.309375 0.45367648125000004 0 0.3795091453125 0
0 0.347125984375 0 0.4084037828125 0.309375 0.45260859375000007 0.309375 0.3902339328125 0 0.347125984375 0
0 0.3203125 0 0.3203125 0.309375 0.350537109375 0.309375 0.350537109375 0 0.3203125 0
0 0.31845102187499996 0 0.254061728125 0.309375 0.3230525859375 0.309375 0.36094186875 0.12423605156249999 0.36094186875 0 0.31845102187499996 0
0 0.1271052828125 0 0.17179604375 0.309375 0.23522054374999998 0.309375 0.189422309375 0 0.1271052828125 0
0 0.034103557812500004 0 0.03104785625 0.030019509374999996 0.032667221875 0.033159534375 0.0297540578125 0.0416716390625 0.0313734234375 0.0448116609375 0.0229637375 0.120550509375 0.024583103125 0.12369053125 0.00486111875 0.309375 0.09199483593749999 0.309375 0.10625 0.1725908953125 0.10625 0 0.034103557812500004 0
0 0.011866381249999999 0 0 0.0444037296875 0 0.2579931234375 0.0671676765625 0 0.011866381249999999 0
0 1 0.0524791109375 0.8335099421875001 0.23077726250000002 0.83125 0.23775326875 0.83125 0.24450609843749999 0.8510748234375001 0.28101485312499996 0.8557865765624999 0.309375 0.857036546875 0.309375 0.897008259375 0.2753378125 1 0.166794509375 1 0.0524791109375
0 0.9109876781249999 0 0.7836600640625 0.309375 0.8582492828125 0.309375 0.99356539375 0 0.9109876781249999 0
0 0.73326309375 0 0.6719460374999999 0.309375 0.7588200890625 0.309375 0.8270565328125 0 0.73326309375 0
0 0.65 0 0.65 0.20588383124999998 0.6651040765625 0.309375 0.746632703125 0.309375 0.7057160625 0 0.65 0
0 0.43683465625 0.309375 0.1819474421875 0.5823397625 0.1796875 0.58931576875 0.1796875 0.5960685984375 0.1995123234375 0.6325773531250001 0.204378996875 0.6618699703125 0.245445759375 0.6269003124999999 0.5467309015625 0.309375 0.43683465625 0.309375
0 0.276788034375 0.309375 0.10625 0.7237407671875 0.10625 0.7412002296875 0.13115017499999998 0.75791469375 0.16321618437500002 0.75791469375 0.1666191171875 0.75254473125 0.36045509062500003 0.309375 0.276788034375 0.309375
0 0.090062009375 0.309375 0.0046875 0.7401318 0.0046875 0.743657271875 0.0828905390625 0.7714144765625 0.184799003125 0.309375 0.090062009375 0.309375
0 0 0.309375 0 0.568152378125 0.029698940624999996 0.7716456640625 0.0378794890625 0.7764219734375 0.0589369859375 0.7764219734375 0.10804839531249999 0.763240675 0.10804839531249999 0.7590669765625 0.0485740203125 0.309375 0 0.309375
0 1 0.5874754546875 0.7901855906249999 0.528103171875 0.7507853156250001 0.5231096984375 0.6569930375 0.49375 0.65 0.49375 0.65 0.71640164375 0.9057419875000001 0.79181411875 0.95407475625 0.762903975 1 0.72169789375 1 0.5874754546875
0 1 0.3967476671875 0.65 0.5219917984375 0.65 0.6027853171875 0.6752858359375 0.6027853171875 1 0.493474553125 1 0.3967476671875
0 1 0.309375 0.9965670578125 0.309375 0.65 0.41750047968750004 0.65 0.501381440625 0.807663759375 0.4469175359375 1 0.3926223484375 1 0.309375
0 1 0.309375 0.65 0.309375 0.65 0.3991249765625 1 0.3583574328125 1 0.309375