0 0 0.2390625 0.4018317484375 0.2390625 0.39883854687500003 0.2068361828125 0.397086265625 0.203125 0.2536234421875 0.203125 0 0.21265965625 0 0.2390625
0 0 0.21091467343749998 0.4018639015625 0.1897119390625 0.4092335703125 0.1775325734375 0.40996423593750003 0.167013546875 0.398953815625 0.08899090625 0.39227896875 0.0796875 0.3475412203125 0.0796875 0 0.096212971875 0 0.21091467343749998
0 0.7751034125 0 0.7484375 0.13946572343750002 0.7484375 0.15909302187500002 0.7524102828125001 0.18442549531250002 0.7588127124999999 0.18930403906249998 0.7686501890625 0.172950271875 0.8115104578124999 0.196707725 0.82593996875 0.196707725 0.8277525062500001 0.192148003125 0.8620161546875 0 0.7751034125 0
0 0.6463431765625 0 0.6046875 0.1877772953125 0.6046875 0.20689406093749999 0.61119736875 0.21731703750000003 0.628075021875 0.21731703750000003 0.6372403453125 0.21480900468750003 0.6435371046875 0.21731703750000003 0.6710800406249999 0.21731703750000003 0.6712925390625 0.2169291421875 0.68038949375 0.17213966875 0.681525634375 0.13298169531249998 0.69407279375 0.103650190625 0.7159494796875 0 0.6463431765625 0
0 0.55045996875 0 0.4828125 0.2189614953125 0.4828125 0.2233757234375 0.48450174218750003 0.23315997500000002 0.5462506171875 0.23315997500000002 0.549170053125 0.2071211 0.614631190625 0 0.55045996875 0
0 0.45986598125 0 0.4296875 0.1426099421875 0.4296875 0.2105903625 0.43348651406250005 0.215117334375 0.46026617812500004 0.215625 0.47655391874999997 0.215625 0.52139911875 0 0.45986598125 0
0 0.38065543281249997 0.6688517015625 0.37904208125 0.665625 0.3772494328125 0.665625 0.376039071875 0.6668247218750001 0.3637926234375 0.6855662890625001 0.3401786640625 0.7565125828125 0.3109375 0.7681885687500001 0.3109375 0.7773873 0.33832602968750003 0.7876888937500001 0.3446969890625 0.7876888937500001 0.35258035312499997 0.7798748234375 0.39117026093749996 0.6927636640625 0.38121384375 0.6973503562500001 0.37711959375 0.693485303125 0.3754343171875 0.68723245 0.38065543281249997 0.6688517015625
0 0.284375 0.7546875 0.333852090625 0.7546875 0.375400578125 0.6925532390625 0.3716852734375 0.6862321265625 0.37225334375 0.666653140625 0.3672021109375 0.6640625 0.366217340625 0.6640625 0.3066722953125 0.7434091390625001 0.284375 0.7476694828125 0.284375 0.7546875
0 0.3483378078125 0.668995046875 0.290384675 0.7103520640625 0.263616696875 0.695762575 0.25128124375 0.703911296875 0.2375 0.7201124906249999 0.2375 0.72125494375 0.24016518437499998 0.739250946875 0.30064427656250003 0.739250946875 0.37239001875 0.67974371875 0.3999519640625 0.6516990781249999 0.3999519640625 0.6453125 0.3812678328125 0.6453125 0.3731633875 0.645936075 0.3483378078125 0.668995046875
0 0.31488801093749996 0.6125 0.3026400703125 0.6125 0.2462301734375 0.6527583859375 0.24375 0.6553774125 0.24375 0.676872590625 0.2542981984375 0.6912064609375 0.2787205390625 0.7033217578125 0.2805213953125 0.7033217578125 0.3587359203125 0.647665534375 0.3587669484375 0.6426887921875 0.3498539484375 0.637268853125 0.32113851718749997 0.630512071875 0.31488801093749996 0.6125
0 0.25523988124999997 0.7484375 0.237955371875 0.7484375 0.2261500828125 0.7506851171875 0.2209147421875 0.773301784375 0.21035331249999997 0.79218665625 0.1859375 0.9476603734375001 0.1859375 0.9567337984375002 0.19333623125 0.9702314171875 0.1991341328125 0.9707094937499999 0.20394303125 0.9645207765624999 0.2255987390625 0.9717675828125 0.2308268296875 0.9717675828125 0.23413476718749998 0.9653639843749999 0.2609374953125 0.7535535828125 0.25523988124999997 0.7484375
0 0.2107539234375 0.77655885 0.16331563124999998 0.8374070625 0.1413109421875 0.87181469375 0.1171875 0.894908109375 0.1171875 0.8985065390625 0.1178494515625 0.907486115625 0.1257696640625 0.9203102640624999 0.136756128125 0.9151560640625 0.22804240625 0.7901048015625001 0.22804240625 0.7563778578125 0.22618792499999998 0.75625 0.22173295468749998 0.75625 0.2107539234375 0.77655885
0 0.1470065625 0.7811881078125 0.1359375 0.86636270625 0.1359375 0.8886780171875 0.14510745625000002 0.8972797671875 0.1544417265625 0.8822447515625 0.1629108453125 0.8263862249999999 0.1815353 0.7538297125 0.180930146875 0.7473143328125 0.18043494375 0.746875 0.15490210625 0.746875 0.1470065625 0.7811881078125
0 0.11978184218750001 0.746875 0.1015625 0.8887716984375 0.1015625 0.916560071875 0.1020280640625 0.9259262843750001 0.12021918281249999 0.9397046703124999 0.1264424609375 0.9344636031250001 0.133698740625 0.845651746875 0.145213053125 0.7598903796875 0.137100115625 0.7488554093750001 0.1336480921875 0.746875 0.11978184218750001 0.746875
0 0.065625 0.9198063703125001 0.065625 0.9214691578124998 0.0690702296875 0.9287835624999999 0.08461910781250001 0.9300548781250001 0.0906697734375 0.9190959359375 0.109375 0.784744271875 0.109375 0.75 0.094644296875 0.75 0.07580183593749999 0.9113353484375001 0.065625 0.9198063703125001
0 0.06401998125 0.912925721875 0.09375 0.7687950515625 0.09375 0.7515625 0.08339166875000001 0.7515625 0.05572804218750001 0.889729703125 0.0546875 0.9003034062499999 0.0546875 0.9095931328125001 0.06401998125 0.912925721875
0 0.0361328125 0.9365885421875 0.037109375 0.7461588546875 0.025390625 0.7461588546875 0.025390625 0.9349609375 0.0361328125 0.9365885421875
0 0.025390625 0.8535807296875 0.0234375 0.7461588546875 0.00390625 0.7461588546875 0.00390625 0.9544921875 0.0224609375 0.9561197921875 0.025390625 0.8535807296875
0 0 0.9625050078124999 0.0009765625 0.9626302078125001 0.00390625 0.9544921875 0.00390625 0.7461588546875 0 0.7461588546875 0 0.9625050078124999
0 0.244140625 0.6224609375 0.2421875 0.4076171875 0.2392578125 0.402734375 0.2109375 0.40436197968750004 0.20703125 0.6322265625 0.2099609375 0.637109375 0.2236328125 0.637109375 0.244140625 0.6224609375
0 0.146484375 0.6419921875 0.1474609375 0.6696614578125 0.1806640625 0.6696614578125 0.20703125 0.6582682296875 0.20703125 0.4076171875 0.2041015625 0.402734375 0.16796875 0.40436197968750004 0.1640625 0.6257161453125001 0.146484375 0.6419921875
0 0.1591796875 0.6305989578125001 0.1640625 0.6159505203125001 0.1640625 0.4076171875 0.1552734375 0.402734375 0.130859375 0.40436197968750004 0.126953125 0.41087239531249997 0.125 0.6126953125 0.11328125 0.6257161453125001 0.1142578125 0.637109375 0.1240234375 0.6403645828125 0.1494140625 0.637109375 0.1591796875 0.6305989578125001
0 0.119140625 0.40436197968750004 0.0986328125 0.40598958281249997 0.095703125 0.41412760468750004 0.095703125 0.6159505203125001 0.0927734375 0.6240885421875 0.1142578125 0.6240885421875 0.125 0.6094401046875 0.126953125 0.4076171875 0.1240234375 0.402734375 0.119140625 0.40436197968750004
0 0.068359375 0.4076171875 0.06640625 0.6257161453125001 0.0810546875 0.62734375 0.095703125 0.6159505203125001 0.095703125 0.41087239531249997 0.0927734375 0.40598958281249997 0.068359375 0.4076171875
0 0 0.6078125 0.0146484375 0.6078125 0.0185546875 0.6143229171875 0.025390625 0.6094401046875 0.0244140625 0.5654947921875 0 0.5664410734375 0 0.6078125
0 0.22100661093750001 0.2390625 0.2138671875 0.25625 0.2236328125 0.2595052078125 0.2358984375 0.2390625 0.22100661093750001 0.2390625
0 0.2064813703125 0.2390625 0.2041015625 0.25625 0.2158203125 0.2529947921875 0.22113991406250003 0.2390625 0.2064813703125 0.2390625
0 0.18634114531249998 0.2390625 0.1904296875 0.2595052078125 0.2001953125 0.2595052078125 0.20703125 0.2416015625 0.20672656250000002 0.2390625 0.18634114531249998 0.2390625
0 0.17010516874999998 0.2390625 0.171875 0.2774088546875 0.166015625 0.2904296875 0.166015625 0.3067057296875 0.171875 0.34576822968750004 0.1806640625 0.35065104218750004 0.19140625 0.3294921875 0.1953125 0.2969401046875 0.1856662328125 0.2390625 0.17010516874999998 0.2390625
0 0.1487353515625 0.2390625 0.150390625 0.2611328125 0.146484375 0.2741536453125 0.146484375 0.2904296875 0.1513671875 0.2985677078125 0.1611328125 0.2953125 0.169921875 0.2839192703125 0.171875 0.2741536453125 0.1701204421875 0.2390625 0.1487353515625 0.2390625
0 0.129859375 0.2390625 0.13671875 0.2676432296875 0.134765625 0.2774088546875 0.1455078125 0.2790364578125 0.150390625 0.2611328125 0.150390625 0.2390625 0.129859375 0.2390625
0 0.100475853125 0.2390625 0.115234375 0.3067057296875 0.1220703125 0.3083333328125 0.1298828125 0.3018229171875 0.13671875 0.2741536453125 0.1309765625 0.2390625 0.100475853125 0.2390625
0 0.064453125 0.2390625 0.064453125 0.2871744796875 0.0673828125 0.2888020828125 0.072265625 0.2839192703125 0.076171875 0.2643880203125 0.076171875 0.2390625 0.064453125 0.2390625
0 0.0192333984375 0.2390625 0.017578125 0.2611328125 0.0244140625 0.266015625 0.033203125 0.2513671875 0.033203125 0.2390625 0.0192333984375 0.2390625
0 0 0.2390625 0 0.3105353859375 0.0107421875 0.3115885421875 0.01953125 0.2839192703125 0.01953125 0.2390625 0 0.2390625
0 1 0.707005465625 0.9698947109375 0.6984375 0.9661443546874999 0.6984375 0.9396946609375 0.7061434249999999 0.8914564234375 0.73102975625 0.65239865 0.833174925 0.6165482843750001 0.8436196718750001 0.5043001671875 0.8952791734375001 0.4296875 0.92445816875 0.4296875 1 0.9200133984375001 1 0.939729875 0.993193559375 0.9697762531249999 0.9763154125 1 0.9652437140625001 1 0.707005465625
0 1 0.63101299375 0.9632091796874999 0.628104175 0.89533380625 0.61597088125 0.8022328999999999 0.6078125 0.8019587687499999 0.6078125 0.5431289890625 0.7286855984375 0.4777895640625 0.7635209265625 0.4403911015625 0.7759535750000001 0.43313972031250003 0.7907269375 0.4328125 0.7933334375000001 0.4328125 0.8046807578124999 0.7438333 0.8046807578124999 0.9984538265625 0.7570904421875 1 0.7572694953125 1 0.63101299375
0 1 0.50331524375 0.9989706234375 0.50263490625 0.9829734765625 0.5 0.9723192671875001 0.5 0.7433764843749999 0.51231925 0.639827709375 0.5116163125 0.5791065015625 0.5179675515625 0.444144915625 0.517541471875 0.432931096875 0.5252335046875001 0.4296875 0.53246434375 0.4296875 0.6850562609375 0.44736603906249994 0.6952261640625 0.46040051406250004 0.697373084375 0.496104975 0.6896267625 0.5206370265625 0.6800402203125 0.5472734953125 0.676251196875 0.5662193421875 0.66574454375 0.57552968125 0.6672780609375 0.6615928 0.6487482265625 0.8105643593749999 0.6106001765625 1 0.6747516078125 1 0.50331524375
0 1 0.372094075 0.9924211984374999 0.370310771875 0.78143051875 0.2890625 0.7741684828125 0.2890625 0.6559454703125001 0.3178233578125 0.499265465625 0.366350925 0.4616322796875 0.3735072703125 0.44872228437499995 0.38247814375 0.4382171890625 0.40402351249999996 0.434375 0.41925437187500003 0.434375 0.45515677187500003 0.4460859421875 0.457912375 0.541679096875 0.46172551406249995 0.5845262578125 0.45846460625 0.6689602671875 0.4676577249999999 0.9188377453125 0.47308263281249996 0.9670238187500001 0.49242662968750006 0.993949825 0.5174424249999999 1 0.5211935046875 1 0.372094075
0 1 0.2390625 0.6050781421875 0.2390625 0.4366361328125 0.286180796875 0.4296875 0.291564859375 0.4296875 0.4168040125 0.5152389953125 0.4168040125 0.7535881109375 0.31231570625 0.786442890625 0.315024815625 0.867272559375 0.33755635625 1 0.3622253 1 0.2390625