0 0.42366769687500005 0.4296875 0.43781364843750004 0.4257259234375 0.4390625 0.42024110312499996 0.4390625 0.411801253125 0.42509555 0.3609375 0.34953758281249997 0.3609375 0.0980105234375 0.4296875 0.42366769687500005 0.4296875
0 0 0.403631121875 0.1882334203125 0.41889350312499996 0.4432343796875 0.41889350312499996 0.44375 0.390822428125 0.44375 0.3636150953125 0.43998301875 0.3471496375 0.436981490625 0.343029775 0 0.3100248171875 0 0.403631121875
0 0 0.3608896171875 0.35493339375 0.2636684171875 0.356076284375 0.2606322890625 0.362436815625 0.261557834375 0.36357970625 0.25852170625 0.4029726765625 0.24744114687500002 0.40745735468750005 0.2488943359375 0.40860024531250005 0.245858209375 0.41120906718750005 0.24783904375 0.41610366875000004 0.24374762656249999 0.4205883453125 0.24520081562499998 0.42173123593749995 0.24216469062499998 0.431110515625 0.2395264609375 0.4337193359375 0.24150729375000002 0.4468503265625 0.2378137765625 0.4479932171875 0.23477765 0.45362078281249996 0.23319471093750002 0.45625 0.2198383234375 0.45625 0.21092899062499998 0.43935998125 0.153125 0.3758080953125 0.153125 0 0.25782503437500004 0 0.3608896171875
0 0 0.20136099999999998 0.22129700625 0.2283015453125 0.4678684890625 0.2283015453125 0.46875 0.1911178921875 0.46875 0.1597087796875 0.4674342421875 0.15085155781249998 0.4644974015625 0.1466115734375 0.43904477656249996 0.1409246875 0 0.089716640625 0 0.20136099999999998
0 0.53125 0.4296875 0.53125 0.0984375 0.51204178125 0.0984375 0.5065238140625 0.10028959062500001 0.49749803281249994 0.11787092343750001 0.4903455765625 0.1445247109375 0.483049384375 0.1895513 0.46924673125 0.4296875 0.53125 0.4296875
0 0.6856211109375 0 0.6856211109375 0.39570855312500003 0.6882810546875 0.4296875 0.7576596203125 0.4296875 0.718354734375 0 0.6856211109375 0
0 0.8172028203125 0 0.768219315625 0.4296875 0.8568458453125001 0.4296875 0.8953125 0.0200082703125 0.8953125 0.0155503203125 0.8915482593749999 0 0.8172028203125 0
0 0.76695931875 0 0.76695931875 0.18978478125 0.8350475359375 0.4296875 0.9277770546875 0.4296875 0.8242348343749999 0.0893707140625 0.7958789765625001 0 0.76695931875 0
0 0.9419629734375 0 0.9419629734375 0.4296875 1 0.4296875 1 0.0430752875 0.9931021156250001 0 0.9419629734375 0
0 0.0148861015625 0.4296875 0.039765681250000004 0.613395753125 0.05014179375 0.6434669953125 0.04832390625 0.6822438 0.0540697890625 0.727280790625 0.057262887500000005 0.7342546109375 0.067839159375 0.7342546109375 0.088403496875 0.72817161875 0.105107128125 0.7342546109375 0.113353971875 0.7342546109375 0.1231007859375 0.7213070859374999 0.1234375 0.7141247421875001 0.1234375 0.7065377875 0.083007065625 0.4296875 0.0148861015625 0.4296875
0 0.1196375390625 0.4296875 0.21065208124999998 0.6993507390625 0.2141063546875 0.7283938015625 0.22162098437500002 0.7353564828125 0.2744411828125 0.7193507390625 0.2765625 0.7060489671875001 0.2765625 0.69765234375 0.188240953125 0.4296875 0.1196375390625 0.4296875
0 0.1887666609375 0.4296875 0.1887666609375 0.43266661875 0.2271250140625 0.732065115625 0.270009675 0.7384756765625 0.2859375 0.723624565625 0.2859375 0.717865084375 0.248021390625 0.4296875 0.1887666609375 0.4296875
0 0.2586922015625 0.4296875 0.3391457859375 0.727412171875 0.38514444062500003 0.7212836953125 0.396875 0.70695740625 0.396875 0.7011961624999999 0.322319978125 0.4296875 0.2586922015625 0.4296875
0 0.32338698906249996 0.4296875 0.32338698906249996 0.7187317390625 0.3236062703125 0.7325834515625 0.3587598953125 0.7326431437500001 0.365618978125 0.7376606953125 0.37016245625 0.7376606953125 0.384181490625 0.7345632234374999 0.3875 0.7284399171875 0.3875 0.668709634375 0.3815964140625 0.4296875 0.32338698906249996 0.4296875
0 0.381929215625 0.4296875 0.46662123906249997 0.712307165625 0.4603353375 0.7290058609375001 0.4436141546875 0.7377812171875 0.44940324218749994 0.7402248234375 0.49369081562500006 0.7250528453125 0.5064118796875 0.7269039312500001 0.525 0.7082874984374999 0.525 0.69679098125 0.4439976984375 0.4296875 0.381929215625 0.4296875
0 0.7737719703125 0.4296875 0.7737719703125 0.5267764953125 0.8259341015625001 1 0.924270578125 1 0.8737895390624999 0.4296875 0.7737719703125 0.4296875
0 0.9346528171875 0.4296875 0.8664073109375 1 0.9304870703125001 1 0.9993190640625 0.4296875 0.9346528171875 0.4296875