0 0.309375 0.5890625 0.309375 0.5410303671875 0.22593719218750002 0.11589146875 0.19836261093750002 0.1078125 0.1962283625 0.1078125 0.133952971875 0.12205704531249999 0.1109375 0.1377379765625 0.1109375 0.17840745156249999 0.181403871875 0.5890625 0.309375 0.5890625
0 0.154965328125 0.5890625 0.1574538421875 0.564670625 0.16879658125000002 0.3990165015625 0.16879658125000002 0.1165482046875 0.1218875796875 0.1078125 0.09829346562499999 0.1078125 0.0762472625 0.12143120468749999 0.032774390625 0.5890625 0.154965328125 0.5890625
0 0 0.5890625 0.05891453437500001 0.5890625 0.0251197734375 0.20534354375000002 0.015949253125 0.115625 0.0095709203125 0.115625 0 0.1168711890625 0 0.5890625
0 0.9436138671875 0.5778874484375 0.9466308796875001 0.5732732578124999 0.9439475953125 0.446996225 0.5670894859375 0.428125 0.50356741875 0.428125 0.496875 0.4353855578125 0.496875 0.5519417859375 0.9436138671875 0.5778874484375
0 0.5015625 0.422283153125 0.5015625 0.4235217609375 0.9525468921875 0.441412928125 0.9578125 0.378076659375 0.9578125 0.33168111875 0.9497026015625 0.3257632328125 0.578272053125 0.3115947015625 0.5215776671875 0.3121510578125 0.5100103578125 0.31963187187500003 0.5015625 0.422283153125
0 0.542048021875 0.264338971875 0.5109375 0.2791084453125 0.5109375 0.29414206875 0.516613903125 0.349175028125 0.6111542046875 0.3325356953125 0.956278078125 0.247776875 0.956278078125 0.21325047812500003 0.9503632203125001 0.179636721875 0.9467333640625 0.178125 0.9354510765625002 0.178125 0.542048021875 0.264338971875
0 0.503125 0.1587346890625 0.503125 0.1678528828125 0.5186213453125 0.2549248921875 0.628669765625 0.2549248921875 0.9585880171875001 0.17946112187500002 0.9600862296875 0.1710079890625 0.9348983437499999 0.06322323125 0.929385084375 0.0609375 0.92367748125 0.0609375 0.503125 0.1587346890625
0 0.5063384984375 0 0.5047508437499999 0.0247800609375 0.5046875 0.026957040625 0.5046875 0.050717634375 0.509371321875 0.0595830921875 0.9265852906250001 0.083887984375 0.9461839390625 0.084344146875 0.947177409375 0.055291623437500007 0.947177409375 0 0.5063384984375 0
0 0.43466520468750003 0 0.430078125 0.5577575875 0.4330078125 0.5657448078125 0.4916015625 0.5657448078125 0.49386205781250003 0 0.43466520468750003 0
0 0.3577410015625 0 0.355859375 0.161591453125 0.35390625 0.5194189296875 0.3587890625 0.5625499203125 0.4095703125 0.5625499203125 0.426171875 0.5545627 0.430078125 0.2829972046875 0.430078125 0 0.3577410015625 0
0 0.309375 0 0.309375 0.5749867484375 0.34609375 0.567342253125 0.351953125 0.2063198875 0.3530311515625 0 0.309375 0
0 0.309375 0.5890625 0.1848142484375 0.5890625 0.2480425625 0.791718321875 0.297784790625 0.88597205 0.30558459843749997 0.8864264296875 0.309375 0.8964420703125 0.309375 0.5890625
0 0 0.5890625 0 0.656240321875 0.289681621875 1 0.309375 1 0.309375 0.844941315625 0.09537976875000001 0.5890625 0 0.5890625
0 1 1 1 0.5890625 0.9924033546875 0.5890625 0.9380312375 0.752817334375 0.9237567578124999 0.8113096750000001 0.911094884375 1 1 1
0 0.78985521875 0.5890625 0.8549478624999999 1 0.9644964640625 1 0.8564769921875002 0.5890625 0.78985521875 0.5890625
0 0.687663646875 0.5890625 0.753363446875 1 0.870828909375 1 0.7662717921875 0.5890625 0.687663646875 0.5890625
0 0.7024149468750001 0.5890625 0.6794587046875 1 0.74695261875 1 0.74695261875 0.5890625 0.7024149468750001 0.5890625
0 0.6002652578125 0.5890625 0.6471035015625001 1 0.7115602437499999 1 0.6532348015625 0.5890625 0.6002652578125 0.5890625
0 0.5728547390625 0.5890625 0.56147493125 1 0.6183875875 1 0.619695115625 0.5890625 0.5728547390625 0.5890625
0 0.5489974109375 0.5890625 0.5354508078125 1 0.5908490234375 1 0.5766100390625001 0.5890625 0.5489974109375 0.5890625
0 0.5033981734374999 0.5890625 0.48438360625000004 1 0.5567679609375 1 0.550422603125 0.5890625 0.5033981734374999 0.5890625
0 0.43278509062500004 0.5890625 0.3980734984375 1 0.5129260609375 1 0.507464234375 0.5890625 0.43278509062500004 0.5890625
0 0.3799937625 0.5890625 0.341862584375 1 0.39984353281249996 1 0.432421875 0.5953000984375 0.43255738125 0.5890625 0.3799937625 0.5890625
0 0.3544271671875 0.5890625 0.309375 0.9802717968750001 0.309375 1 0.34533203125 1 0.38848046875 0.5890625 0.3544271671875 0.5890625
0 0.309375 0.5890625 0.309375 1 0.35172265625 1 0.36035234374999997 0.5890625 0.309375 0.5890625