0 0.0443174765625 0 0.249457459375 0.3890625 0.2890625 0.3890625 0.2890625 0.210517265625 0.17458013125 0 0.0443174765625 0
0 0.2890625 0.0125 0.1640457125 0.0125 0.160994790625 0.0162962359375 0.14375 0.10301298125 0.14375 0.12266803125 0.21682252656249998 0.12781535 0.2890625 0.1304724984375 0.2890625 0.0125
0 0.6862744624999999 0 0.69249178125 0.078640884375 0.702551728125 0.09594103281250001 0.7569782078125 0.0955648859375 0.761165459375 0.08664155625 0.7531448171874999 0.057732009375000004 0.7489841937499999 0 0.6862744624999999 0
0 0.56029819375 0 0.5519125468749999 0.05997836875 0.5515625 0.0639794234375 0.5515625 0.07423133750000001 0.564956840625 0.0853912609375 0.6114917515625 0.0807545953125 0.622454653125 0 0.56029819375 0
0 0.2890625 0.3890625 0.226099425 0.3890625 0.267578125 0.629516059375 0.2734375 0.68599609375 0.27734375 0.696265190625 0.27734375 0.7219379328125 0.2890625 0.7927947046875 0.2890625 0.3890625
0 0.16419702187500002 0.3890625 0.197265625 0.552497828125 0.197265625 0.5730360250000001 0.171875 0.6243815109374999 0.17578125 0.650054253125 0.193359375 0.7270724828125 0.2041015625 0.7553124999999999 0.2294921875 0.7604470484375 0.2333984375 0.739908853125 0.2666015625 0.7091015625 0.26953125 0.7013997406250001 0.26953125 0.6757269953125 0.2578125 0.6141124140625001 0.251953125 0.557632378125 0.22141879062499997 0.3890625 0.16419702187500002 0.3890625
0 0.10690931562499999 0.3890625 0.158203125 0.6243815109374999 0.1748046875 0.6166796859375 0.1953125 0.5730360250000001 0.197265625 0.552497828125 0.1619597875 0.3890625 0.10690931562499999 0.3890625
0 0.06979093750000001 0.3890625 0.130859375 0.6603233515625 0.162109375 0.8246289062500001 0.1669921875 0.8374652781249999 0.1748046875 0.8374652781249999 0.1923828125 0.8117925359375 0.193359375 0.7989561625 0.1640625 0.6654579 0.15625 0.6089778640625 0.10584349374999999 0.3890625 0.06979093750000001 0.3890625
0 0.028933048437499997 0.3890625 0.09765625 0.7013997406250001 0.1083984375 0.7091015625 0.1162109375 0.6988324640625001 0.12890625 0.6757269953125 0.126953125 0.6449197046874999 0.069582465625 0.3890625 0.028933048437499997 0.3890625
0 0 0.3890625 0 0.48208116093750003 0.015625 0.552497828125 0.02734375 0.6141124140625001 0.017578125 0.6551888015625 0.0244140625 0.678294271875 0.037109375 0.696265190625 0.046875 0.77841796875 0.0576171875 0.8015234375 0.0732421875 0.786119790625 0.1015625 0.742476128125 0.09765625 0.7065342890625 0.029299990625 0.3890625 0 0.3890625
0 1 0.3890625 0.968253915625 0.3890625 0.9626964375 0.7216330328125 0.9652779078125 0.7646279921875 0.9581664468749999 0.7908852484375 0.9255264078125001 0.8180200609374999 0.919382309375 0.8684278390625 0.9038700343750001 0.8833900546875 0.9015625 0.9213886890625 0.9015625 0.9478971171874999 0.9140431953124999 0.9523400671874999 0.940541896875 0.9435033890625 0.944526734375 0.95478563125 0.9682306671875001 0.95478563125 1 0.939486415625 1 0.3890625
0 0.8802258046875 0.3890625 0.9524594687499999 0.7653255828125 0.9605926203124999 0.782864034375 0.9981320406249999 0.777778925 0.9994804828125 0.7698925765625 0.9622151437500002 0.5857187265625 0.9271289375 0.3890625 0.8802258046875 0.3890625
0 0.8584955390625 0.3890625 0.9234184687500001 0.8666363546875001 0.9326931171874999 0.8689507062499999 0.93938901875 0.8689507062499999 0.962766128125 0.86293043125 0.962969646875 0.8541864203125 0.959031371875 0.7875216843749999 0.9076311328125 0.3890625 0.8584955390625 0.3890625
0 0.8455270140625 0.3890625 0.846042321875 0.6567521890625001 0.8502610390625 0.7662392671875 0.84375 0.8643326265625 0.84375 0.8733088343750002 0.85064089375 0.8822346124999999 0.896778084375 0.8734595640624999 0.8982546218749998 0.8656477437500001 0.8982546218749998 0.7461920515625 0.8977042125000001 0.72019088125 0.8982546218749998 0.5922021234375 0.8982546218749998 0.3890625 0.8455270140625 0.3890625
0 0.7578049703125 0.3890625 0.8171875 0.7683950625 0.8259765625 0.8015580734375 0.8455078125 0.7962519921875 0.85234375 0.7869663484375 0.85234375 0.7710481031249999 0.8328125 0.6622734265625001 0.7930403625 0.3890625 0.7578049703125 0.3890625
0 0.6085079656250001 0.3890625 0.717578125 0.79227243125 0.7283203125 0.820129359375 0.7380859375 0.820129359375 0.7693359375 0.8015580734375 0.772265625 0.7896193890625 0.768359375 0.77370114375 0.705859375 0.5641109140625 0.69609375 0.5163561765625 0.6594240296875 0.3890625 0.6085079656250001 0.3890625
0 0.549188653125 0.3890625 0.616015625 0.6516612640625 0.647265625 0.7604359390625 0.66484375 0.8400271671875 0.66875 0.8506393296875 0.6755859375 0.8546188921875 0.6951171875 0.8413536875000001 0.7205078125 0.8333945640625 0.721484375 0.8161497984375 0.6081331765625 0.3890625 0.549188653125 0.3890625
0 0.6600364203125 0.3890625 0.698046875 0.521662259375 0.705859375 0.561457871875 0.764453125 0.7551298578125 0.780078125 0.82145588125 0.7869140625 0.8387006453125 0.8240234375 0.8254354421875 0.826953125 0.808190675 0.70773859375 0.3890625 0.6600364203125 0.3890625
0 0.4255422765625 0.3890625 0.432421875 0.8824758218750001 0.434375 0.8930879843749999 0.4490234375 0.9103327499999999 0.4568359375 0.9103327499999999 0.4666015625 0.8997205859375 0.5134765625 0.8997205859375 0.5212890625 0.9076797093749999 0.52421875 0.9037001484375 0.52421875 0.8108437171875 0.5084301874999999 0.3890625 0.4255422765625 0.3890625
0 0.3207757234375 0.3890625 0.325 0.9169653531249999 0.3298828125 0.9289040375 0.3376953125 0.9315570781249999 0.3494140625 0.9235979546875001 0.4021484375 0.9235979546875001 0.4177734375 0.9262509953125001 0.4392578125 0.9395162015625 0.4421875 0.9169653531249999 0.428515625 0.8904349437499999 0.428515625 0.6516612640625 0.4240714671875 0.3890625 0.3207757234375 0.3890625
0 0.2890625 0.3890625 0.2890625 1 0.32109375 1 0.32109375 0.5534987499999999 0.3176837421875 0.3890625 0.2890625 0.3890625