0 0.5890625 0 0.5388077015625 0 0.355383953125 0.56875 0.48046535312499994 0.56875 0.5890625 0.216384590625 0.5890625 0
0 0 0.3814657796875 0.0168321375 0.38245608125 0.3773053328125 0.35454104062499997 0.45107611406250003 0.346353225 0.4515625 0.34538575625 0.4515625 0.3313504421875 0.43445486093749996 0.24086506562499999 0.4316949734375 0.2375 0.40905828125 0.2375 0.2294305203125 0.24396819062500003 0.00551385625 0.2627737578125 0 0.26499710468750004 0 0.3814657796875
0 0.3337347609375 0.040625 0.012987890625000002 0.14231136875 0.0051104234375 0.151148553125 0.0008982 0.1696565796875 0.019563034375 0.23811859375000002 0.040661425 0.2777753375 0.051872962499999994 0.28494056875 0.48257369843750003 0.16682054531249998 0.490625 0.1600679171875 0.490625 0.1560896453125 0.44614495468750004 0.040625 0.3337347609375 0.040625
0 0.0197642359375 0 0.0200667859375 0.01923159375 0.334614809375 0.08555335 0.4306511875 0.10054269687499999 0.43840886250000005 0.0975994546875 0.471875 0.0014777421875 0.471875 0 0.0197642359375 0
0 0.5890625 0.225433771875 0.7319027609375001 0.462354153125 0.7592277281250001 0.49863471718749997 0.7677869375 0.49863471718749997 0.775662109375 0.4789302859375 0.803125 0.4478883921875 0.803125 0.434374365625 0.5890625 0.07300566875 0.5890625 0.225433771875
0 0.654770484375 0 0.6557883875 0.0091711359375 0.8440323828124999 0.5365830484375 0.8515684171875 0.55 0.8650747703124999 0.55 0.9046875 0.52339525 0.9046875 0.49758920156249997 0.7712862578124999 0.0936319765625 0.72877984375 0 0.654770484375 0
0 0.7548616515625 0 0.9631414625 0.5510086656250001 1 0.5320521609375 1 0.404893546875 0.875918025 0.0537379578125 0.8515912328125002 0 0.7548616515625 0
0 1 0.09277213749999999 0.90221224375 0.5557829890625 0.965333665625 0.5666887625 0.9809599375 0.5565204390625 1 0.4716860875 1 0.09277213749999999
0 0.0001226375 0.56875 0 0.57578125 0 0.8449885671875 0.0353515625 0.8484375 0.0421875 0.8419270828125001 0.04609375 0.7950520828125001 0.04609375 0.56875 0.0001226375 0.56875
0 0.0476830265625 0.56875 0.04609375 0.8315104171875 0.0509765625 0.840625 0.0744140625 0.840625 0.075390625 0.8315104171875 0.06171875 0.8184895828125001 0.060157878124999994 0.56875 0.0476830265625 0.56875
0 0.060157878124999994 0.56875 0.06171875 0.8184895828125001 0.0685546875 0.825 0.0890625 0.82109375 0.091015625 0.77421875 0.08935861875 0.56875 0.060157878124999994 0.56875
0 0.091015625 0.56875 0.091015625 0.83671875 0.1232421875 0.840625 0.130078125 0.8341145828125001 0.12836240625 0.56875 0.091015625 0.56875
0 0.13367859843750002 0.56875 0.13203125 0.83671875 0.1720703125 0.840625 0.176953125 0.83671875 0.176953125 0.56875 0.13367859843750002 0.56875
0 0.1911099890625 0.56875 0.192578125 0.74296875 0.1876953125 0.8458333328125001 0.219921875 0.8419270828125001 0.218321228125 0.56875 0.1911099890625 0.56875
0 0.1771372765625 0.56875 0.1779296875 0.8276041671875 0.190625 0.82109375 0.18906088593749998 0.56875 0.1771372765625 0.56875
0 0.22004459375000002 0.56875 0.221875 0.84453125 0.2482421875 0.8484375 0.24913480781250003 0.56875 0.22004459375000002 0.56875
0 0.24955225468750003 0.56875 0.251171875 0.79765625 0.2560546875 0.8119791671875 0.27265625 0.8106770828125001 0.2661176796875 0.56875 0.24955225468750003 0.56875
0 0.267626096875 0.56875 0.274609375 0.8341145828125001 0.2794921875 0.840625 0.30390625 0.83671875 0.29580235625 0.56875 0.267626096875 0.56875
0 0.29609375 0.56875 0.29609375 0.5815104171875001 0.305859375 0.8419270828125001 0.3205078125 0.8432291671875 0.325390625 0.8393229171875 0.325390625 0.7924479171875 0.3144147921875 0.56875 0.29609375 0.56875
0 0.3156036375 0.56875 0.325390625 0.8471354171875 0.3615234375 0.8510416671875 0.36640625 0.8471354171875 0.36640625 0.8184895828125001 0.352784090625 0.56875 0.3156036375 0.56875
0 0.35365643125 0.56875 0.368359375 0.8497395828125001 0.346875 0.8627604171875 0.3693359375 0.8744791671875 0.3947265625 0.8744791671875 0.411328125 0.8705729171875 0.411328125 0.85234375 0.392905696875 0.56875 0.35365643125 0.56875
0 0.3963563015625 0.56875 0.411328125 0.8731770828125001 0.3888671875 0.8770833328125001 0.3859375 0.8861979171875 0.3947265625 0.8901041671875 0.4923828125 0.8953125 0.497265625 0.8888020828125001 0.4889309359375 0.56875 0.3963563015625 0.56875
0 0.4925580734375 0.56875 0.5021484375 0.8744791671875 0.555859375 0.8705729171875 0.5484375 0.56875 0.4925580734375 0.56875
0 0.54919651875 0.56875 0.555859375 0.8419270828125001 0.5763671875 0.8458333328125001 0.57012389375 0.56875 0.54919651875 0.56875
0 0.5890625 0.56875 0.56953125 0.56875 0.56953125 0.60234375 0.579296875 0.84453125 0.5890625 0.84682904375 0.5890625 0.56875
0 0.5890625 0.56875 0.5890625 1 0.6594569406249999 1 0.6588133468749999 0.9959278484375 0.6450233937500001 0.8362696312499999 0.596166203125 0.56875 0.5890625 0.56875
0 0.59970953125 0.56875 0.713658225 1 0.7984341296874999 1 0.6856175265625 0.56875 0.59970953125 0.56875
0 0.7344418640625 0.56875 0.61805053125 1 0.6799953765625 1 0.779134378125 0.6248354859375 0.7963274218749999 0.56875 0.7344418640625 0.56875
0 0.725 0.56875 0.725 0.6027884421875 0.7959863374999999 0.975793775 0.7991788671875 1 0.86625815 1 0.782426378125 0.56875 0.725 0.56875
0 0.8394971171875 0.56875 0.833984375 0.9830855578125 0.833984375 1 0.92620753125 1 0.9281681046875001 0.56875 0.8394971171875 0.56875
0 1 1 1 0.56875 0.930001084375 0.56875 0.9278668812499999 1 1 1