0 0.307926334375 0.3349899046875 0.3192904359375 0.34159949375 0.31878996718749997 0.3494092140625 0.3215997109375 0.3515497171875 0.3195978328125 0.3827886 0.322407578125 0.38492910468749997 0.3185968921875 0.3984080421875 0.3214066390625 0.40054854687499997 0.3155261203125 0.4923127625 0.3190717875 0.49375 0.34195119375 0.49375 0.3484375 0.347160428125 0.3484375 0.3453797125 0.3188865015625 0.3249098 0.30714705000000003 0.3241575015625 0.30625 0.3265696734375 0.30625 0.32961735625 0.3081765703125 0.3310850453125 0.307926334375 0.3349899046875
0 0.29121667812499996 0.4001863890625 0.2943018109375 0.4018762015625 0.3016115015625 0.49137806875 0.3030893 0.4921875 0.3147645390625 0.4921875 0.322253978125 0.49153259218749995 0.31383194062499997 0.3884108765625 0.310587903125 0.384775371875 0.313355221875 0.3825737984375 0.31256069218750004 0.372845334375 0.3094755578125 0.371155521875 0.3080454015625 0.3536442875 0.3032588015625 0.3491638765625 0.300332578125 0.3494197578125 0.27873666406250003 0.337591078125 0.265625 0.33873761562500004 0.265625 0.3417786140625 0.2875618328125 0.35543545625 0.29121667812499996 0.4001863890625
0 0.2897001140625 0.407306090625 0.293691415625 0.35452614374999997 0.2796203390625 0.3473055546875 0.2755911890625 0.342598121875 0.2703125 0.34281364999999997 0.2703125 0.4890625 0.286440990625 0.4890625 0.2924847640625 0.409141171875 0.2897001140625 0.407306090625
0 0.2436246609375 0.46060113593749996 0.2421875 0.46126797656249996 0.2421875 0.49635525156250004 0.24428740625 0.496875 0.25292860781250004 0.496875 0.2547947171875 0.49600912656249996 0.2739630421875 0.3935795234375 0.271799978125 0.38928871875 0.2750480421875 0.38778161875 0.2772180421875 0.3761858171875 0.274693309375 0.37382764687500003 0.277941375 0.372320546875 0.2797497078125 0.36265737656249997 0.277224975 0.36029920937500004 0.27939497343749997 0.3487034046875 0.27723190937500003 0.34441259999999996 0.27182078125000003 0.341628896875 0.2658706171875 0.3338008390625 0.26009782187499997 0.33294976875 0.257573090625 0.3305916 0.2523393265625 0.33478487968750004 0.2620765875 0.3461501921875 0.2595449203125 0.3596786296875 0.262069653125 0.3620368 0.246156325 0.4470726984375 0.242908259375 0.448579796875 0.2421875 0.4524313125 0.2421875 0.45244746718749995 0.244709659375 0.4548032328125 0.2436246609375 0.46060113593749996
0 0.2466367671875 0.4936546359375 0.2467659734375 0.49375 0.25629324531250003 0.49375 0.25629324531250003 0.3507666671875 0.24630629218750003 0.3416080921875 0.2419285296875 0.34217204375 0.2420651890625 0.346067971875 0.240625 0.346907440625 0.240625 0.3885884 0.2419689140625 0.42690124531249996 0.2466367671875 0.4936546359375
0 0.231783803125 0.4953125 0.24367095625 0.491862071875 0.2194746671875 0.3437440859375 0.20822873125000002 0.340135040625 0.1984375 0.3439365046875 0.1984375 0.3454310140625 0.22292187343749997 0.4953125 0.231783803125 0.4953125
0 0.1970376296875 0.373650665625 0.1972654078125 0.377556321875 0.194439953125 0.379457909375 0.20101438906250002 0.4921875 0.2186656265625 0.4921875 0.2186656265625 0.3544222921875 0.21728741093749998 0.336234146875 0.21380862031249998 0.3339507546875 0.1961725640625 0.3336433203125 0.1921875 0.33632534999999997 0.1921875 0.3408358421875 0.193984396875 0.3716466 0.1970376296875 0.373650665625
0 0.1703125 0.42457435468750004 0.1703125 0.491111771875 0.1771370046875 0.49339080312499994 0.17821261093750002 0.49375 0.1853881984375 0.49375 0.188932671875 0.4927432171875 0.1905800765625 0.43628688281250005 0.187758975 0.4320685484375 0.190750496875 0.43044657343750004 0.18787258906249998 0.42817500781250006 0.1882702390625 0.4145476171875 0.1912617625 0.41292564218749994 0.188440659375 0.40870730625 0.1914889890625 0.4051385625 0.18861108124999998 0.40286699531250003 0.1916026046875 0.401245021875 0.19255158125 0.3687236765625 0.1924084671875 0.34412444999999997 0.183582353125 0.33715789687500003 0.1738954453125 0.33715789687500003 0.1703125 0.33817560625 0.1703125 0.3386335 0.1727638078125 0.3405683453125 0.1703125 0.42457435468750004
0 0.15449624374999998 0.4912817234375 0.1693960234375 0.3994521796875 0.172612484375 0.39766941718750004 0.1732465171875 0.3937617765625 0.17066409062500001 0.3916368984375 0.17193215625 0.38382161875 0.17514861718750002 0.38203885625 0.1760996671875 0.376177396875 0.1735172390625 0.37405251875 0.1744682890625 0.3681910578125 0.1780017671875 0.3644544765625 0.1754193390625 0.3623295984375 0.177004421875 0.352560496875 0.18022088281249998 0.350777734375 0.1740818296875 0.34351171875 0.168282940625 0.3431696046875 0.1657005109375 0.341044725 0.16248405 0.3428274875 0.1508862734375 0.34214325625 0.1460615796875 0.3448173984375 0.14479351406250002 0.352632678125 0.14866715625 0.355819996875 0.1534918484375 0.353145853125 0.15412588124999999 0.3492382125 0.1570253234375 0.3494092703125 0.154172175 0.36699365156249997 0.1567546046875 0.36911853125 0.14375 0.4492678296875 0.14375 0.49375 0.1564591125 0.49375 0.157078671875 0.49340660156249994 0.15449624374999998 0.4912817234375
0 0.1146386390625 0.36652718906250004 0.12562281718749999 0.37326444687500004 0.1280854265625 0.37738582656249997 0.1144805578125 0.49436500156249996 0.122647703125 0.4953125 0.1426378234375 0.4953125 0.1438683609375 0.49463609374999995 0.1567929859375 0.383505875 0.1541036265625 0.381334146875 0.15523736562499998 0.37158588125 0.137983290625 0.355520003125 0.1323778265625 0.3531262 0.1148811953125 0.35179375468749996 0.109375 0.353503471875 0.109375 0.35801114843750004 0.112402775 0.36045615625 0.1146386390625 0.36652718906250004
0 0.095992053125 0.3872967421875 0.1153976890625 0.4869867765625 0.1186567953125 0.4883263125 0.11910425625000001 0.490625 0.1270756328125 0.490625 0.13094685156250002 0.489850225 0.108928921875 0.376740378125 0.096744565625 0.37030351562499997 0.093860271875 0.37030351562499997 0.0937529421875 0.375794046875 0.0921875 0.37734825 0.0921875 0.3831551578125 0.092732946875 0.38595720624999996 0.095992053125 0.3872967421875
0 0.0827687125 0.372099209375 0.0857271953125 0.373793146875 0.089935584375 0.4827615015625 0.0928940671875 0.484455440625 0.093002365625 0.49375 0.10919489843750001 0.49375 0.110622246875 0.49266862343750006 0.11050861875 0.48291640312500006 0.1075501359375 0.48122246718749995 0.1065729375 0.3973533765625 0.1036144546875 0.3956594375 0.103319021875 0.3703036671875 0.1062093296875 0.3661462734375 0.0869337328125 0.35123478750000003 0.07516797187499999 0.35031036875 0.06875 0.3534440453125 0.06875 0.36019765625 0.0827232609375 0.368198321875 0.0827687125 0.372099209375
0 0.05062544375 0.395444484375 0.0537693078125 0.3967636546875 0.0566382671875 0.40890066718750007 0.056048490625 0.3904312109375 0.058760015624999995 0.3879245734375 0.0556161484375 0.386605403125 0.0547514640625 0.3789537859375 0.059034925 0.377106734375 0.0639668921875 0.3809983984375 0.07949801875 0.4921875 0.0899570609375 0.4921875 0.0913594484375 0.4908910796875 0.0829287875 0.41628781875 0.0797849203125 0.41496864687499996 0.07481299062499999 0.3709718515625 0.07166912656249999 0.36965267968750004 0.071236784375 0.3658268703125 0.05394551875 0.3585714265625 0.045162434375 0.36035262343749996 0.04375 0.3616583296875 0.04375 0.3666663265625 0.047815221875 0.3705767296875 0.05062544375 0.395444484375
0 0.08733413906250001 0.4953125 0.09221265625 0.4953125 0.09221265625 0.458572140625 0.0779588140625 0.4049734 0.07460134375000001 0.40335068124999995 0.06579613125 0.3702404328125 0.0681176953125 0.36796782656250004 0.06604588125000001 0.3601771796875 0.058525959375000006 0.3565426875 0.0453125 0.3565426875 0.0453125 0.361048765625 0.04952673125 0.3640745109375 0.08733413906250001 0.4953125
0 0 0.3704162484375 0.0039764984375 0.3723711640625 0.0045211625 0.378177053125 0.0076261125 0.3797035 0.0243493234375 0.496875 0.044645134375 0.496875 0.05981005625 0.493967990625 0.0574498421875 0.468809140625 0.054344890624999996 0.467282690625 0.048353574999999996 0.40341791562499996 0.0452486265625 0.401891465625 0.0421621921875 0.3689914296875 0.0355891796875 0.36206794375 0.021798459375000002 0.3571342234375 0.001334690625 0.3599961625 0 0.360740709375 0 0.3704162484375
0 0 0.288427821875 0.048584696875 0.2953285140625 0.118928459375 0.30393661562499996 0.1631049125 0.30625 0.1811576421875 0.30625 0.18375094218750002 0.3059974734375 0.1914758984375 0.300092596875 0.1909297953125 0.25892461875 0.1749796984375 0.2540369765625 0.1037921546875 0.24655908750000002 0 0.24655908750000002 0 0.288427821875
0 0 0.2572196625 0.0191001609375 0.2556827140625 0.1876374921875 0.2359572828125 0.185971309375 0.222338834375 0.0810664515625 0.2321671109375 0 0.2420996359375 0 0.2572196625
0 0 0.23110401875000003 0.13913682031250002 0.253125 0.17588338125 0.253125 0.1763231078125 0.23823154375 0.0632090984375 0.2177903828125 0 0.20807964375000002 0 0.23110401875000003
0 0 0.2296875 0.01538799375 0.2296875 0.042583109375 0.22538441250000002 0.16013742343749998 0.20371613125 0.1761769765625 0.1981105515625 0.17544793281249998 0.18269070781250002 0.1708995328125 0.1805397671875 0 0.21211341875 0 0.2296875
0 0 0.1733258953125 0.10182907187500001 0.2024971671875 0.1666968546875 0.21875 0.16958192968750002 0.21875 0.17690025 0.214828465625 0.17690025 0.19857450625 0.17337037187499998 0.1948206453125 0.1563920984375 0.18808360156249998 0 0.148769221875 0 0.1733258953125
0 0 0.160346875 0.06841634375 0.17418939218750001 0.1264283546875 0.183476103125 0.1489162453125 0.1859375 0.15010365625 0.1859375 0.1547387203125 0.18400487968749998 0.1562294171875 0.1763359171875 0.152465478125 0.17261975937500001 0 0.1444844234375 0 0.160346875
0 0 0.159375 0.14987400312500002 0.159375 0.1515625 0.1583176578125 0.1515625 0.15782234687500002 0.1489408828125 0.15225760625 0.1446016859375 0.14919853593750002 0 0.146450346875 0 0.159375
0 0 0.12468790468749999 0.15638911875 0.140625 0.1568316453125 0.140625 0.16170803125 0.13440321718749998 0.1598130328125 0.1204414421875 0.08671467656250001 0.1125 0 0.1125 0 0.12468790468749999
0 0 0.1282840828125 0.1468286359375 0.09557968125 0.1498588984375 0.08994628125000001 0.1483722890625 0.0841945609375 0.1433598828125 0.08215899531250001 0 0.11187311250000001 0 0.1282840828125
0 0 0.104975540625 0.160963971875 0.0755114671875 0.16510582499999998 0.0718610109375 0.1644232578125 0.0641660265625 0.1597694796875 0.062045246875 0 0.0927523796875 0 0.104975540625
0 0 0.08125 0.1812935421875 0.08125 0.1860169796875 0.07793670312499999 0.1860169796875 0.07385714531250001 0.184097228125 0.067526984375 0.1767473859375 0.0648450296875 0.164987640625 0.0652564421875 0 0.0740003921875 0 0.08125
0 0.9315952890624999 0.509375 0.9058687437499999 0.0067490515624999995 0.8992557187500001 0.0026373250000000003 0.8974938937499999 0.0026885890625 0.81848693125 0.0105057984375 0.798141725 0.0203413828125 0.784375 0.036065260937499996 0.784375 0.07313582187499999 0.8117070656250001 0.509375 0.9315952890624999 0.509375
0 0.7764670031249999 0.509375 0.7982667921875 0.11656606875 0.79931655625 0.018484665625 0.7926502546874999 0.0142229625 0.706253765625 0.0142229625 0.7 0.019421640625 0.7 0.509375 0.7764670031249999 0.509375
0 0.7579664359375 0.509375 0.7579664359375 0.5010338703125 0.6659603734375 0.0935552984375 0.6446347171875 0.015490059375 0.5716237718749999 0.015490059375 0.5499439046875001 0.018199765625 0.5375 0.033061146875 0.5375 0.043101653125 0.54035893125 0.065766434375 0.6507381828125001 0.509375 0.7579664359375 0.509375
0 0.5872441078125 0.509375 0.577534103125 0.3073110515625 0.5586098921875 0.025716201562500002 0.554646021875 0.021114965625000003 0.533785725 0.02061955625 0.463481675 0.027476853125 0.4546875 0.0362288625 0.4546875 0.10609620312500001 0.45911804062500006 0.21216421093750001 0.47757623281249995 0.509375 0.5872441078125 0.509375
0 0.4750816609375 0.509375 0.4750816609375 0.1756934046875 0.46986152499999995 0.03636310625 0.467485040625 0.0283484859375 0.45596695 0.020512431249999998 0.3999326796875 0.015625 0.37800997812500003 0.015625 0.3777970296875 0.0156461171875 0.375 0.018774025 0.375 0.1446191421875 0.389689171875 0.509375 0.4750816609375 0.509375
0 0.35 1 0.35 0.9804253515625 0.2779509234375 0.6228408156249999 0.2633818015625 0.553165075 0.26203409375 0.5517108937499999 0.19138442656250002 0.5517108937499999 0.1881324640625 0.5529041578125 0.1859375 0.5616534765625 0.1859375 0.5658708140625001 0.2723745515625 1 0.35 1
0 0.2268807140625 1 0.2262955828125 0.6140826203125 0.2156321078125 0.6020137812499999 0.20758670937499998 0.6022947328125 0.16875 0.60500494375 0.16875 1 0.2268807140625 1
0 0.1801889609375 1 0.1939308609375 0.6764752890625 0.2011775265625 0.6053549734375 0.2011775265625 0.5792942437499999 0.1995273234375 0.5518034359375 0.1929042671875 0.5439490140625 0.13313118906250002 0.546012221875 0.11571264218749999 1 0.1801889609375 1
0 0.0945096828125 1 0.1411089953125 0.6696752953125 0.1541245328125 0.5677956921875 0.1490161 0.55429898125 0.0641694828125 0.5537198546875001 0.0051256515625 1 0.0945096828125 1
0 1 0.509375 0.9410360109374999 0.509375 0.7400325234375 1 0.8609326015625001 1 1 0.70240555625 1 0.509375
0 0.7636696671875 0.509375 0.73241363125 1 0.8558425656249999 1 0.9076633125000001 0.5746038062500001 0.9136074765625001 0.509375 0.7636696671875 0.509375
0 0.6328416125 0.509375 0.524561678125 1 0.6479852078125 1 0.7784816859375 0.509375 0.6328416125 0.509375
0 0.53181595625 0.509375 0.4170042234375 1 0.5304259171875 1 0.6637560484374999 0.509375 0.53181595625 0.509375
0 0.4514705046875 0.509375 0.44557477656250005 0.511034921875 0.35 0.8385417531249999 0.35 1 0.38761177343750003 1 0.5339354609375 0.552871615625 0.4703076015625 0.509375 0.4514705046875 0.509375