0 0.126244028125 0.3369140625 0.17615445937500002 0.2001953125 0.1746865046875 0.189453125 0.1541351515625 0.185546875 0.14092356718750002 0.1865234375 0.11743630625000001 0.2412109375 0.085141321875 0.3251953125 0.085141321875 0.3349609375 0.0895451828125 0.337890625 0.10128881406250001 0.33984375 0.12184016718749999 0.33984375 0.126244028125 0.3369140625
0 0.1996417203125 0.1943359375 0.19230195 0.19140625 0.17615445937500002 0.1923828125 0.14092356718750002 0.2900390625 0.126244028125 0.3310546875 0.126244028125 0.3369140625 0.13064789062499998 0.33984375 0.15266719687500002 0.3388671875 0.1996417203125 0.2001953125 0.1996417203125 0.1943359375
0 0.22606488906250002 0.1884765625 0.2216610265625 0.185546875 0.20991739687500002 0.18359375 0.20257762812500002 0.1904296875 0.19670581250000002 0.2021484375 0.15266719687500002 0.3330078125 0.15266719687500002 0.3369140625 0.15707105937500002 0.33984375 0.1746865046875 0.33984375 0.1790903671875 0.3369140625 0.22606488906250002 0.1884765625
0 0.24368033437499997 0.1943359375 0.23046875 0.189453125 0.22312898125 0.1923828125 0.1820262734375 0.3212890625 0.1790903671875 0.3369140625 0.183494228125 0.33984375 0.20991739687500002 0.341796875 0.2201930734375 0.3388671875 0.24368033437499997 0.2158203125 0.24368033437499997 0.1943359375
0 0.2877189484375 0.2392578125 0.2877189484375 0.2119140625 0.2847830421875 0.2080078125 0.2598278265625 0.19140625 0.2480841953125 0.19140625 0.24368033437499997 0.1982421875 0.22312898125 0.3212890625 0.22312898125 0.3388671875 0.22753284218749997 0.341796875 0.2466162421875 0.3408203125 0.2847830421875 0.2568359375 0.2877189484375 0.2392578125
0 0.3200139328125 0.3349609375 0.3112062109375 0.2685546875 0.3068023484375 0.265625 0.26569964218750003 0.263671875 0.2554239640625 0.2685546875 0.2466162421875 0.3408203125 0.23780851875 0.4365234375 0.2451482875 0.439453125 0.289186903125 0.439453125 0.29652667187500004 0.4365234375 0.3053343953125 0.4228515625 0.3200139328125 0.3349609375
0 0.5181877 0.1796875 0.34643710156249996 0.1787109375 0.3435011953125 0.1904296875 0.3508409625 0.1953125 0.5181877 0.1953125 0.5225915609375 0.1923828125 0.5225915609375 0.1826171875 0.5181877 0.1796875
0 0.5093799765625 0.1953125 0.34496914843750004 0.193359375 0.337629378125 0.1962890625 0.334693471875 0.2099609375 0.3390973328125 0.21875 0.5093799765625 0.220703125 0.5137838375 0.2177734375 0.5167197453125 0.2021484375 0.5093799765625 0.1953125
0 0.5167197453125 0.2236328125 0.512315884375 0.220703125 0.336161425 0.21875 0.3317575640625 0.2216796875 0.3317575640625 0.2255859375 0.342033240625 0.228515625 0.512315884375 0.23046875 0.5167197453125 0.2275390625 0.5167197453125 0.2236328125
0 0.5093799765625 0.23046875 0.4829568078125 0.228515625 0.336161425 0.2265625 0.3317575640625 0.2294921875 0.3332255171875 0.236328125 0.3655205015625 0.23828125 0.50644406875 0.240234375 0.5108479296875 0.2353515625 0.5093799765625 0.23046875
0 0.3523089171875 0.3525390625 0.32882165625000004 0.2373046875 0.30973825625 0.236328125 0.308270303125 0.2568359375 0.3258857484375 0.3583984375 0.33028960937499996 0.361328125 0.34790505625 0.361328125 0.3523089171875 0.3583984375 0.3523089171875 0.3525390625
0 0.34643710156249996 0.2470703125 0.342033240625 0.23828125 0.336161425 0.236328125 0.33028960937499996 0.23828125 0.3317575640625 0.2646484375 0.3523089171875 0.3583984375 0.356712778125 0.361328125 0.3655205015625 0.361328125 0.36698845625 0.3525390625 0.34643710156249996 0.2470703125
0 0.38166799375 0.3583984375 0.38166799375 0.3427734375 0.3640525484375 0.2392578125 0.3596486859375 0.236328125 0.3508409625 0.236328125 0.34643710156249996 0.2392578125 0.34643710156249996 0.2509765625 0.3640525484375 0.3505859375 0.36698845625 0.3583984375 0.374328225 0.361328125 0.38166799375 0.3583984375
0 0.37726413281250004 0.240234375 0.3919436703125 0.25 0.4947004375 0.251953125 0.50204020625 0.2490234375 0.50204020625 0.2431640625 0.4976363453125 0.240234375 0.37726413281250004 0.240234375
0 0.3919436703125 0.25 0.3904757171875 0.2646484375 0.39487957812499996 0.267578125 0.50204020625 0.2666015625 0.50204020625 0.2529296875 0.4976363453125 0.25 0.3919436703125 0.25
0 0.39487957812499996 0.267578125 0.39341162343749997 0.2802734375 0.3978154859375 0.291015625 0.5049761140625 0.2900390625 0.5049761140625 0.2705078125 0.500572253125 0.267578125 0.39487957812499996 0.267578125
0 0.500572253125 0.291015625 0.39487957812499996 0.291015625 0.383135946875 0.294921875 0.37873208593749996 0.2998046875 0.3890077625 0.306640625 0.500572253125 0.306640625 0.5049761140625 0.2998046875 0.5049761140625 0.2939453125 0.500572253125 0.291015625
0 0.4947004375 0.306640625 0.3978154859375 0.306640625 0.39634753125 0.3134765625 0.406623209375 0.322265625 0.4947004375 0.322265625 0.49910430000000006 0.3193359375 0.49910430000000006 0.3095703125 0.4947004375 0.306640625
0 0.47414908437500003 0.322265625 0.406623209375 0.322265625 0.4051552546875 0.3330078125 0.409559115625 0.3359375 0.49176452968750006 0.337890625 0.49616839218750003 0.3349609375 0.4947004375 0.32421875 0.47414908437500003 0.322265625
0 0.49176452968750006 0.3359375 0.4183668390625 0.3359375 0.409559115625 0.337890625 0.4080911625 0.3525390625 0.41543093124999997 0.357421875 0.4947004375 0.357421875 0.49910430000000006 0.3505859375 0.49910430000000006 0.3408203125 0.49176452968750006 0.3359375
0 0.15707105937500002 0.33984375 0.0366988453125 0.33984375 0.027891121875 0.341796875 0.026423168749999996 0.3447265625 0.039634753125 0.349609375 0.2392764734375 0.3515625 0.24368033437499997 0.3486328125 0.24221238125000003 0.341796875 0.15707105937500002 0.33984375
0 0.236340565625 0.341796875 0.1159683515625 0.33984375 0.0572501984375 0.33984375 0.0366988453125 0.341796875 0.032294984375 0.3447265625 0.0543142921875 0.359375 0.2392764734375 0.361328125 0.24368033437499997 0.3564453125 0.24368033437499997 0.3447265625 0.236340565625 0.341796875
0 0.0557822453125 0.3603515625 0.0543142921875 0.3671875 0.07192973750000001 0.369140625 0.24368033437499997 0.3701171875 0.23340465781250003 0.361328125 0.18936604375 0.359375 0.0557822453125 0.3603515625
0 0.236340565625 0.37109375 0.10422472187500001 0.3671875 0.0161474921875 0.3671875 0.01174363125 0.3701171875 0.008807721875 0.3837890625 0.0161474921875 0.38671875 0.23046875 0.390625 0.23780851875 0.3876953125 0.2407444265625 0.3759765625 0.236340565625 0.37109375
0 0.23340465781250003 0.388671875 0.013211584374999998 0.38671875 0.01174363125 0.3994140625 0.024955215625 0.40234375 0.23046875 0.40625 0.23780851875 0.4013671875 0.23780851875 0.3916015625 0.23340465781250003 0.388671875
0 0.0161474921875 0.400390625 0.0073397687500000005 0.40234375 0.0073397687500000005 0.416015625 0.22753284218749997 0.419921875 0.23487261093749998 0.4150390625 0.23487261093749998 0.4091796875 0.224596934375 0.404296875 0.0161474921875 0.400390625
0 0.0014679546875 0.4375 0.22753284218749997 0.439453125 0.23487261093749998 0.4365234375 0.23340465781250003 0.419921875 0.0014679546875 0.416015625 0.0014679546875 0.4375
0 0.4829568078125 0.427734375 0.31267416406250004 0.427734375 0.303866440625 0.4296875 0.3023984875 0.4384765625 0.3185459796875 0.44140625 0.4858927140625 0.44140625 0.493232484375 0.4365234375 0.493232484375 0.4306640625 0.4829568078125 0.427734375
0 0.49176452968750006 0.416015625 0.31267416406250004 0.416015625 0.3112062109375 0.4267578125 0.315610071875 0.4296875 0.49176452968750006 0.4296875 0.49616839218750003 0.4267578125 0.49616839218750003 0.4189453125 0.49176452968750006 0.416015625
0 0.31267416406250004 0.416015625 0.493232484375 0.4150390625 0.493232484375 0.4072265625 0.4888286234375 0.404296875 0.31267416406250004 0.404296875 0.31267416406250004 0.416015625
0 0.30973825625 0.3828125 0.308270303125 0.4013671875 0.31267416406250004 0.404296875 0.4888286234375 0.40625 0.493232484375 0.4033203125 0.49176452968750006 0.3828125 0.30973825625 0.3828125
0 0.45359773125 0.373046875 0.31267416406250004 0.373046875 0.3053343953125 0.3779296875 0.30973825625 0.3828125 0.493232484375 0.3818359375 0.493232484375 0.3779296875 0.4888286234375 0.375 0.45359773125 0.373046875
0 0.4947004375 0.361328125 0.462405453125 0.359375 0.31267416406250004 0.361328125 0.3112062109375 0.3720703125 0.315610071875 0.375 0.4565336390625 0.375 0.49176452968750006 0.373046875 0.49616839218750003 0.3642578125 0.4947004375 0.361328125
0 0.7192973734375 0.1396484375 0.7148935109375001 0.13671875 0.5446108671875 0.130859375 0.54020700625 0.1337890625 0.5416749609375 0.150390625 0.7090216953125 0.158203125 0.7148935109375001 0.158203125 0.7192973734375 0.1533203125 0.7192973734375 0.1396484375
0 0.71342555625 0.1591796875 0.7002139734374999 0.15625 0.538739053125 0.150390625 0.5313992843750001 0.1552734375 0.5328672375 0.169921875 0.697278065625 0.177734375 0.7060857890625 0.177734375 0.71342555625 0.1728515625 0.71342555625 0.1591796875
0 0.7090216953125 0.17578125 0.5769058515625 0.169921875 0.5299313296875 0.169921875 0.5284633765625 0.1767578125 0.5328672375 0.1796875 0.7002139734374999 0.1875 0.71342555625 0.1826171875 0.71342555625 0.1787109375 0.7090216953125 0.17578125
0 0.704617834375 0.2021484375 0.7031498796875 0.1875 0.5592904062499999 0.1796875 0.5269954218749999 0.1796875 0.5225915609375 0.1826171875 0.5225915609375 0.1982421875 0.5269954218749999 0.201171875 0.6620471734375 0.20703125 0.7002139734374999 0.205078125 0.704617834375 0.2021484375
0 0.6825985265625001 0.20703125 0.5240595140625001 0.201171875 0.519655653125 0.2041015625 0.519655653125 0.2158203125 0.5358031453125001 0.21875 0.6414958203125 0.22265625 0.68406648125 0.2216796875 0.6825985265625001 0.20703125
0 0.6737908046875 0.22265625 0.5269954218749999 0.216796875 0.52112360625 0.216796875 0.5167197453125 0.2197265625 0.5137838375 0.2373046875 0.5181877 0.240234375 0.6825985265625001 0.24609375 0.6870023890625 0.2392578125 0.6870023890625 0.2275390625 0.6737908046875 0.22265625
0 0.5093799765625 0.240234375 0.507912021875 0.2470703125 0.515251790625 0.25 0.6532394515625 0.255859375 0.6811305734374999 0.2548828125 0.67966261875 0.24609375 0.5093799765625 0.240234375
0 0.6811305734374999 0.2587890625 0.6767267125 0.255859375 0.659111265625 0.25390625 0.50644406875 0.25 0.50204020625 0.2529296875 0.5049761140625 0.2587890625 0.52112360625 0.26171875 0.6150726515625 0.265625 0.6811305734374999 0.2646484375 0.6811305734374999 0.2587890625
0 0.678194665625 0.2685546875 0.6737908046875 0.265625 0.50644406875 0.26171875 0.5049761140625 0.2666015625 0.5093799765625 0.26953125 0.66498308125 0.275390625 0.6737908046875 0.275390625 0.678194665625 0.2724609375 0.678194665625 0.2685546875
0 0.5093799765625 0.26953125 0.5093799765625 0.28125 0.6473676359375 0.28515625 0.68406648125 0.2841796875 0.68406648125 0.2763671875 0.67966261875 0.2734375 0.5093799765625 0.26953125
0 0.67966261875 0.28515625 0.507912021875 0.2822265625 0.5049761140625 0.2900390625 0.5093799765625 0.294921875 0.5769058515625 0.296875 0.68406648125 0.2958984375 0.68406648125 0.2880859375 0.67966261875 0.28515625
0 0.67966261875 0.296875 0.5093799765625 0.294921875 0.5049761140625 0.2978515625 0.50644406875 0.306640625 0.585713575 0.30859375 0.68406648125 0.3056640625 0.68406648125 0.2998046875 0.67966261875 0.296875
0 0.6825985265625001 0.306640625 0.50204020625 0.3076171875 0.49910430000000006 0.3212890625 0.5035081609375001 0.32421875 0.6825985265625001 0.326171875 0.6870023890625 0.3232421875 0.6870023890625 0.3095703125 0.6825985265625001 0.306640625
0 0.6825985265625001 0.326171875 0.49910430000000006 0.3251953125 0.49616839218750003 0.3369140625 0.500572253125 0.33984375 0.6825985265625001 0.33984375 0.6870023890625 0.3369140625 0.6870023890625 0.3291015625 0.6825985265625001 0.326171875
0 0.5093799765625 0.33984375 0.500572253125 0.341796875 0.500572253125 0.357421875 0.6825985265625001 0.357421875 0.6870023890625 0.3544921875 0.6870023890625 0.3427734375 0.6825985265625001 0.33984375 0.5093799765625 0.33984375
0 0.4976363453125 0.369140625 0.6385599125 0.37109375 0.68406648125 0.3681640625 0.6825985265625001 0.357421875 0.4976363453125 0.357421875 0.4976363453125 0.369140625
0 0.67966261875 0.375 0.670854896875 0.373046875 0.500572253125 0.373046875 0.49616839218750003 0.3759765625 0.493232484375 0.3876953125 0.4976363453125 0.396484375 0.67966261875 0.396484375 0.68406648125 0.3935546875 0.68406648125 0.3798828125 0.67966261875 0.375
0 0.67966261875 0.396484375 0.4976363453125 0.396484375 0.49616839218750003 0.4033203125 0.5035081609375001 0.40625 0.67966261875 0.40625 0.68406648125 0.4033203125 0.68406648125 0.3994140625 0.67966261875 0.396484375
0 0.67966261875 0.404296875 0.512315884375 0.404296875 0.4976363453125 0.40625 0.4976363453125 0.41796875 0.5945212984375 0.423828125 0.67966261875 0.423828125 0.68406648125 0.4189453125 0.68406648125 0.4072265625 0.67966261875 0.404296875
0 0.67966261875 0.42578125 0.49616839218750003 0.4267578125 0.493232484375 0.4365234375 0.4976363453125 0.44140625 0.67966261875 0.44140625 0.68406648125 0.4384765625 0.68406648125 0.4287109375 0.67966261875 0.42578125
0 0.697278065625 0.42578125 0.6928742031249999 0.4287109375 0.697278065625 0.44140625 0.8866441078125 0.4404296875 0.8851761546875 0.423828125 0.7031498796875 0.423828125 0.697278065625 0.42578125
0 0.68406648125 0.4228515625 0.69140625 0.42578125 0.697278065625 0.42578125 0.7002139734374999 0.423828125 0.7060857890625 0.42578125 0.8837082015625001 0.4248046875 0.8866441078125 0.4228515625 0.8866441078125 0.4169921875 0.8822402468749999 0.4140625 0.6884703421875 0.4140625 0.68406648125 0.4189453125 0.68406648125 0.4228515625
0 0.6870023890625 0.3955078125 0.6884703421875 0.4140625 0.877836384375 0.4130859375 0.8763684312500001 0.39453125 0.6870023890625 0.3955078125
0 0.8837082015625001 0.3916015625 0.8822402468749999 0.380859375 0.68406648125 0.3818359375 0.685534434375 0.39453125 0.88077229375 0.3935546875 0.8837082015625001 0.3916015625
0 0.8925159234375 0.3798828125 0.8925159234375 0.3701171875 0.8822402468749999 0.3671875 0.8793043390624999 0.369140625 0.68406648125 0.3701171875 0.685534434375 0.380859375 0.8925159234375 0.3798828125
0 0.6899382953125001 0.3642578125 0.697278065625 0.369140625 0.88077229375 0.3681640625 0.8837082015625001 0.3662109375 0.8837082015625001 0.3564453125 0.8793043390624999 0.353515625 0.6943421578125 0.35546875 0.6928742031249999 0.3623046875 0.6899382953125001 0.3642578125
0 0.6899382953125001 0.3369140625 0.6899382953125001 0.3525390625 0.6943421578125 0.35546875 0.7926950640625 0.3544921875 0.8822402468749999 0.353515625 0.8837082015625001 0.3330078125 0.7912271093750001 0.33203125 0.788291203125 0.333984375 0.6943421578125 0.333984375 0.6899382953125001 0.3369140625
0 0.6928742031249999 0.3310546875 0.697278065625 0.333984375 0.7897591562499999 0.3330078125 0.8851761546875 0.33203125 0.8866441078125 0.3193359375 0.71782941875 0.318359375 0.7148935109375001 0.3203125 0.6928742031249999 0.3212890625 0.6928742031249999 0.3310546875
0 0.697278065625 0.3046875 0.6899382953125001 0.3076171875 0.6899382953125001 0.3173828125 0.6943421578125 0.3203125 0.7002139734374999 0.318359375 0.7060857890625 0.3203125 0.7222332796875001 0.3193359375 0.8793043390624999 0.318359375 0.88077229375 0.3095703125 0.8837082015625001 0.3076171875 0.8763684312500001 0.302734375 0.8734325234375 0.3046875 0.697278065625 0.3046875
0 0.68406648125 0.2919921875 0.68406648125 0.2978515625 0.6884703421875 0.30078125 0.8073746015625 0.2998046875 0.8822402468749999 0.298828125 0.8837082015625001 0.2880859375 0.8000348328125 0.287109375 0.797098925 0.2890625 0.6884703421875 0.2890625 0.68406648125 0.2919921875
0 0.6870023890625 0.2685546875 0.6870023890625 0.2861328125 0.69140625 0.2890625 0.7985668796875001 0.2880859375 0.8793043390624999 0.287109375 0.88077229375 0.2685546875 0.8763684312500001 0.265625 0.829393909375 0.265625 0.8264580015625 0.267578125 0.6870023890625 0.2685546875
0 0.8088425562499999 0.255859375 0.7941630171875 0.255859375 0.7912271093750001 0.2578125 0.78535529375 0.255859375 0.7794834796875 0.2578125 0.685534434375 0.2578125 0.6811305734374999 0.2607421875 0.6825985265625001 0.267578125 0.8514132171875 0.2666015625 0.8763684312500001 0.265625 0.88077229375 0.2607421875 0.8763684312500001 0.255859375 0.8176502781250001 0.255859375 0.8147143703124999 0.2578125 0.8088425562499999 0.255859375
0 0.69874601875 0.2548828125 0.7031498796875 0.2578125 0.836733678125 0.2568359375 0.8910479703125 0.255859375 0.8925159234375 0.2451171875 0.8881120625 0.2421875 0.7031498796875 0.2421875 0.69874601875 0.2470703125 0.69874601875 0.2548828125
0 0.877836384375 0.2197265625 0.8675607078124999 0.203125 0.7413166796875 0.203125 0.738380771875 0.205078125 0.73250895625 0.203125 0.7207653265625 0.203125 0.7148935109375001 0.205078125 0.704617834375 0.2138671875 0.704617834375 0.2177734375 0.7016819265625001 0.2197265625 0.71048965 0.2236328125 0.7031498796875 0.2265625 0.6943421578125 0.224609375 0.6899382953125001 0.2275390625 0.6870023890625 0.2412109375 0.69140625 0.244140625 0.6958101125 0.2431640625 0.7002139734374999 0.240234375 0.7090216953125 0.240234375 0.711957603125 0.2421875 0.8734325234375 0.2421875 0.877836384375 0.2392578125 0.877836384375 0.2197265625
0 0.86168889375 0.19140625 0.8587529859374999 0.189453125 0.8558170781250001 0.19140625 0.8499452625 0.189453125 0.7148935109375001 0.189453125 0.71048965 0.1923828125 0.711957603125 0.203125 0.8704966171875 0.203125 0.8734325234375 0.20703125 0.8837082015625001 0.2060546875 0.8837082015625001 0.2041015625 0.8763684312500001 0.203125 0.8749004781249999 0.2001953125 0.8866441078125 0.1943359375 0.8851761546875 0.19140625 0.86168889375 0.19140625
0 0.8793043390624999 0.181640625 0.8646248015625 0.181640625 0.86168889375 0.1796875 0.7618680328125 0.1796875 0.7589321265625 0.181640625 0.7530603109375 0.181640625 0.750124403125 0.1796875 0.71342555625 0.1806640625 0.7148935109375001 0.189453125 0.8558170781250001 0.189453125 0.8587529859374999 0.19140625 0.901323646875 0.1904296875 0.9071954625 0.1826171875 0.8998556921875001 0.1796875 0.893983878125 0.181640625 0.8851761546875 0.181640625 0.8822402468749999 0.1796875 0.8793043390624999 0.181640625
0 0.7192973734375 0.1767578125 0.73250895625 0.181640625 0.9071954625 0.1806640625 0.9101313687499999 0.1767578125 0.9101313687499999 0.1630859375 0.9057275078125 0.16015625 0.7266371421875 0.16015625 0.7192973734375 0.1630859375 0.7192973734375 0.1767578125
0 0.908663415625 0.146484375 0.7251691874999999 0.1474609375 0.7251691874999999 0.1572265625 0.7295730500000001 0.16015625 0.9101313687499999 0.1591796875 0.908663415625 0.146484375
0 0.7295730500000001 0.146484375 0.9071954625 0.1455078125 0.9101313687499999 0.1416015625 0.9101313687499999 0.1337890625 0.9057275078125 0.130859375 0.7251691874999999 0.1318359375 0.7251691874999999 0.1435546875 0.7295730500000001 0.146484375
0 0.7266371421875 0.11328125 0.7222332796875001 0.1162109375 0.7222332796875001 0.1259765625 0.7266371421875 0.12890625 0.7442525875 0.12890625 0.7471884953125 0.130859375 0.9071954625 0.1298828125 0.9071954625 0.1259765625 0.9101313687499999 0.1240234375 0.9071954625 0.1220703125 0.9071954625 0.1162109375 0.8998556921875001 0.11328125 0.7266371421875 0.11328125
0 0.723701234375 0.11328125 0.9071954625 0.1123046875 0.9057275078125 0.099609375 0.78535529375 0.099609375 0.7824193875 0.09765625 0.7266371421875 0.09765625 0.7222332796875001 0.1025390625 0.723701234375 0.11328125
0 0.1790903671875 0.8212890625 0.1820262734375 0.8193359375 0.1820262734375 0.8115234375 0.1937699046875 0.8056640625 0.1937699046875 0.8017578125 0.19670581250000002 0.7998046875 0.1952378578125 0.794921875 0.183494228125 0.794921875 0.15266719687500002 0.8134765625 0.1497312890625 0.9619140625 0.1541351515625 0.96484375 0.17028264375 0.9638671875 0.17615445937500002 0.9619140625 0.17615445937500002 0.8701171875 0.1790903671875 0.8681640625 0.17615445937500002 0.8544921875 0.1790903671875 0.8525390625 0.1790903671875 0.8212890625
0 0.2216610265625 0.806640625 0.2069814890625 0.806640625 0.1864301359375 0.8203125 0.183494228125 0.8203125 0.1790903671875 0.8251953125 0.1790903671875 0.8427734375 0.17615445937500002 0.8447265625 0.17615445937500002 0.8544921875 0.1790903671875 0.8564453125 0.17615445937500002 0.8603515625 0.17615445937500002 0.9638671875 0.1937699046875 0.9638671875 0.19670581250000002 0.9619140625 0.19670581250000002 0.8720703125 0.1996417203125 0.8701171875 0.1996417203125 0.8251953125 0.22312898125 0.8076171875 0.2216610265625 0.806640625
0 0.1996417203125 0.8251953125 0.1996417203125 0.8779296875 0.19670581250000002 0.8798828125 0.19670581250000002 0.9638671875 0.2201930734375 0.9638671875 0.2201930734375 0.8740234375 0.22312898125 0.8720703125 0.224596934375 0.8125 0.21872512031250002 0.8125 0.2143212578125 0.8173828125 0.1996417203125 0.8251953125
0 0.2407444265625 0.9384765625 0.2407444265625 0.9326171875 0.23780851875 0.9306640625 0.23780851875 0.9248046875 0.2407444265625 0.9228515625 0.2407444265625 0.9189453125 0.23780851875 0.9169921875 0.23780851875 0.8310546875 0.2407444265625 0.8291015625 0.2407444265625 0.8154296875 0.2524880578125 0.8056640625 0.2480841953125 0.80078125 0.2451482875 0.802734375 0.2392764734375 0.802734375 0.231936703125 0.8095703125 0.22606488906250002 0.8115234375 0.22312898125 0.8154296875 0.22312898125 0.8271484375 0.2201930734375 0.8291015625 0.2201930734375 0.8388671875 0.22312898125 0.8408203125 0.2201930734375 0.8427734375 0.2201930734375 0.8544921875 0.22312898125 0.8564453125 0.2201930734375 0.8603515625 0.2201930734375 0.9638671875 0.224596934375 0.966796875 0.23487261093749998 0.9658203125 0.23780851875 0.9638671875 0.23780851875 0.9541015625 0.2407444265625 0.9521484375 0.23780851875 0.9482421875 0.23780851875 0.9404296875 0.2407444265625 0.9384765625
0 0.23780851875 0.8212890625 0.23780851875 0.9638671875 0.24221238125000003 0.966796875 0.2524880578125 0.9658203125 0.2554239640625 0.9638671875 0.2554239640625 0.8193359375 0.2524880578125 0.8173828125 0.2524880578125 0.8134765625 0.2480841953125 0.8125 0.23780851875 0.8212890625
0 0.2730394109375 0.9658203125 0.27597531875 0.9638671875 0.27597531875 0.8056640625 0.26569964218750003 0.8046875 0.2554239640625 0.8115234375 0.2554239640625 0.9658203125 0.2730394109375 0.9658203125
0 0.3023984875 0.8076171875 0.29799462499999996 0.8046875 0.28037917968750004 0.8046875 0.27597531875 0.8076171875 0.27597531875 0.9638671875 0.28037917968750004 0.966796875 0.2994625796875 0.9658203125 0.3023984875 0.9638671875 0.3023984875 0.8505859375 0.2994625796875 0.8486328125 0.2994625796875 0.8447265625 0.3023984875 0.8427734375 0.3023984875 0.8076171875
0 0.3023984875 0.8154296875 0.3023984875 0.8720703125 0.3053343953125 0.8740234375 0.3023984875 0.8759765625 0.3053343953125 0.8798828125 0.3023984875 0.8837890625 0.3053343953125 0.8857421875 0.3053343953125 0.8994140625 0.3023984875 0.9013671875 0.3053343953125 0.9033203125 0.3023984875 0.9072265625 0.3023984875 0.9638671875 0.30973825625 0.966796875 0.31414211718749996 0.9658203125 0.322949840625 0.9638671875 0.322949840625 0.8134765625 0.3258857484375 0.8115234375 0.3185459796875 0.80859375 0.31267416406250004 0.80859375 0.3023984875 0.8154296875
0 0.3405652859375 0.9365234375 0.3405652859375 0.8388671875 0.3435011953125 0.8369140625 0.3435011953125 0.8193359375 0.34643710156249996 0.8193359375 0.34643710156249996 0.8232421875 0.3508409625 0.826171875 0.355244825 0.8232421875 0.355244825 0.8154296875 0.3508409625 0.8125 0.3390973328125 0.8125 0.336161425 0.810546875 0.3332255171875 0.8125 0.3273537015625 0.8125 0.3200139328125 0.8193359375 0.322949840625 0.8212890625 0.322949840625 0.8310546875 0.3200139328125 0.8330078125 0.322949840625 0.8369140625 0.322949840625 0.8427734375 0.3200139328125 0.8447265625 0.3200139328125 0.8505859375 0.322949840625 0.8525390625 0.322949840625 0.8603515625 0.3200139328125 0.8623046875 0.3200139328125 0.8662109375 0.322949840625 0.8681640625 0.322949840625 0.9599609375 0.3200139328125 0.9619140625 0.3273537015625 0.966796875 0.334693471875 0.9658203125 0.3405652859375 0.9619140625 0.337629378125 0.9580078125 0.3405652859375 0.9541015625 0.3405652859375 0.9404296875 0.337629378125 0.9384765625 0.3405652859375 0.9365234375
0 0.39341162343749997 0.8251953125 0.3860718546875 0.822265625 0.368456409375 0.822265625 0.36258459374999996 0.82421875 0.3435011953125 0.8388671875 0.3435011953125 0.8486328125 0.3405652859375 0.8505859375 0.3405652859375 0.9619140625 0.34496914843750004 0.96484375 0.3699243625 0.9638671875 0.3699243625 0.8466796875 0.3728602703125 0.8427734375 0.3846039015625 0.8369140625 0.387539809375 0.8310546875 0.39341162343749997 0.8271484375 0.39341162343749997 0.8251953125
0 0.3846039015625 0.8447265625 0.383135946875 0.837890625 0.3699243625 0.8486328125 0.3699243625 0.9638671875 0.38166799375 0.9638671875 0.38166799375 0.9599609375 0.3846039015625 0.9580078125 0.3846039015625 0.8564453125 0.387539809375 0.8544921875 0.387539809375 0.8466796875 0.3846039015625 0.8447265625
0 0.4080911625 0.8369140625 0.42277069999999994 0.8271484375 0.42277069999999994 0.8212890625 0.41543093124999997 0.818359375 0.40368729999999997 0.8203125 0.3846039015625 0.8369140625 0.387539809375 0.8408203125 0.387539809375 0.8662109375 0.3846039015625 0.8681640625 0.3846039015625 0.9521484375 0.38166799375 0.9541015625 0.38166799375 0.9638671875 0.3860718546875 0.966796875 0.39634753125 0.9658203125 0.3992834390625 0.9638671875 0.3992834390625 0.9541015625 0.40221934687500005 0.9521484375 0.4051552546875 0.8427734375 0.4080911625 0.8408203125 0.4080911625 0.8369140625
0 0.42277069999999994 0.8564453125 0.425706609375 0.8583984375 0.4271745625 0.876953125 0.428642515625 0.8642578125 0.4315784234375 0.8623046875 0.4315784234375 0.8369140625 0.43745023906249997 0.8291015625 0.4330463765625 0.826171875 0.4242386546875 0.826171875 0.4080911625 0.8369140625 0.4080911625 0.8408203125 0.4051552546875 0.8427734375 0.4051552546875 0.8876953125 0.40221934687500005 0.8896484375 0.40221934687500005 0.9658203125 0.406623209375 0.96875 0.41102707031249996 0.9677734375 0.413962978125 0.9658203125 0.4168988859375 0.8505859375 0.421302746875 0.845703125 0.425706609375 0.8466796875 0.425706609375 0.8544921875 0.42277069999999994 0.8564453125
0 0.413962978125 0.8408203125 0.4168988859375 0.8427734375 0.4168988859375 0.8759765625 0.413962978125 0.8779296875 0.413962978125 0.9677734375 0.428642515625 0.9677734375 0.4315784234375 0.8349609375 0.43745023906249997 0.8291015625 0.4330463765625 0.826171875 0.4242386546875 0.826171875 0.413962978125 0.8330078125 0.413962978125 0.8408203125
0 0.4829568078125 0.826171875 0.462405453125 0.826171875 0.4491938703125 0.8330078125 0.443322053125 0.8408203125 0.443322053125 0.8740234375 0.440386146875 0.8759765625 0.440386146875 0.9404296875 0.43745023906249997 0.9423828125 0.43745023906249997 0.9677734375 0.4565336390625 0.96875 0.459469546875 0.970703125 0.47268113125 0.9697265625 0.47855294531250003 0.8466796875 0.481488853125 0.8447265625 0.481488853125 0.8388671875 0.4902965765625 0.8330078125 0.4902965765625 0.8291015625 0.4829568078125 0.826171875
0 0.519655653125 0.8232421875 0.515251790625 0.8203125 0.5093799765625 0.82421875 0.5035081609375001 0.822265625 0.49616839218750003 0.8232421875 0.49616839218750003 0.8310546875 0.493232484375 0.8330078125 0.493232484375 0.8505859375 0.4902965765625 0.8525390625 0.48736066874999995 0.9697265625 0.50204020625 0.9716796875 0.507912021875 0.9697265625 0.507912021875 0.9443359375 0.5108479296875 0.9423828125 0.5137838375 0.8349609375 0.519655653125 0.8271484375 0.519655653125 0.8232421875
0 0.534335190625 0.8740234375 0.5372710984375 0.8720703125 0.538739053125 0.81640625 0.5299313296875 0.81640625 0.5255274671875 0.8193359375 0.5255274671875 0.8251953125 0.5225915609375 0.8271484375 0.5225915609375 0.8740234375 0.519655653125 0.8759765625 0.519655653125 0.8837890625 0.5167197453125 0.8857421875 0.5167197453125 0.9072265625 0.5137838375 0.9091796875 0.5167197453125 0.9111328125 0.5137838375 0.9150390625 0.5167197453125 0.9189453125 0.5137838375 0.9228515625 0.5137838375 0.9716796875 0.5240595140625001 0.974609375 0.5255274671875 0.9736328125 0.5284633765625 0.9716796875 0.5284633765625 0.9501953125 0.5313992843750001 0.9482421875 0.5313992843750001 0.9091796875 0.534335190625 0.9072265625 0.534335190625 0.8740234375
0 0.5446108671875 0.818359375 0.5372710984375 0.8251953125 0.5372710984375 0.8642578125 0.534335190625 0.8662109375 0.534335190625 0.9052734375 0.5313992843750001 0.9072265625 0.5313992843750001 0.9560546875 0.5284633765625 0.9580078125 0.5284633765625 0.9716796875 0.5431429140625 0.9716796875 0.5431429140625 0.9384765625 0.546078821875 0.9365234375 0.546078821875 0.8759765625 0.5490147296875 0.8740234375 0.547546775 0.818359375 0.5446108671875 0.818359375
0 0.8895800156250001 0.8212890625 0.8895800156250001 0.8173828125 0.8822402468749999 0.8125 0.8793043390624999 0.814453125 0.8499452625 0.814453125 0.848477309375 0.8271484375 0.8514132171875 0.8291015625 0.8514132171875 0.8349609375 0.85728503125 0.8447265625 0.8602209406249999 0.8759765625 0.863156846875 0.8779296875 0.863156846875 0.9423828125 0.8660927546874999 0.9443359375 0.8660927546874999 0.9814453125 0.8690286625000001 0.9833984375 0.8690286625000001 0.9931640625 0.8734325234375 0.99609375 0.9042595546875001 0.9951171875 0.9042595546875001 0.9404296875 0.901323646875 0.9384765625 0.901323646875 0.9052734375 0.8983877390625 0.9033203125 0.8983877390625 0.8330078125 0.8895800156250001 0.8212890625
0 0.85728503125 0.8486328125 0.848477309375 0.8291015625 0.844073446875 0.826171875 0.835265725 0.826171875 0.8337977703125 0.8388671875 0.848477309375 0.9755859375 0.8528811703124999 0.98046875 0.8646248015625 0.98046875 0.8660927546874999 0.9638671875 0.85728503125 0.8486328125
0 0.84260549375 0.8583984375 0.8337977703125 0.8388671875 0.829393909375 0.8359375 0.8205861859375 0.8359375 0.8191182328125001 0.8466796875 0.8337977703125 0.9833984375 0.844073446875 0.986328125 0.8514132171875 0.9833984375 0.8514132171875 0.9794921875 0.84260549375 0.8583984375
0 0.8308618624999999 0.9853515625 0.8308618624999999 0.9501953125 0.8264580015625 0.947265625 0.5827776671875 0.943359375 0.57837380625 0.9462890625 0.579841759375 0.98046875 0.5915853906249999 0.982421875 0.78535529375 0.98828125 0.8264580015625 0.98828125 0.8308618624999999 0.9853515625
0 0.8044386937500001 0.9111328125 0.7941630171875 0.908203125 0.5769058515625 0.904296875 0.5754378984375 0.9345703125 0.5827776671875 0.943359375 0.77067575625 0.94921875 0.797098925 0.94921875 0.8044386937500001 0.9443359375 0.8044386937500001 0.9111328125
0 0.7912271093750001 0.888671875 0.57396994375 0.88671875 0.572501990625 0.9013671875 0.5945212984375 0.904296875 0.738380771875 0.908203125 0.7956309703125 0.9072265625 0.7956309703125 0.8935546875 0.7912271093750001 0.888671875
0 0.7868232484375 0.8642578125 0.7794834796875 0.861328125 0.5842456203124999 0.8603515625 0.5813097140625 0.8701171875 0.585713575 0.88671875 0.77067575625 0.890625 0.78535529375 0.888671875 0.7897591562499999 0.8857421875 0.7868232484375 0.8642578125
0 0.7985668796875001 0.8583984375 0.7985668796875001 0.8193359375 0.7956309703125 0.8076171875 0.788291203125 0.802734375 0.7207653265625 0.796875 0.5915853906249999 0.796875 0.57837380625 0.8076171875 0.5754378984375 0.8134765625 0.5769058515625 0.857421875 0.585713575 0.859375 0.697278065625 0.861328125 0.7941630171875 0.861328125 0.7985668796875001 0.8583984375
0 0.0014679546875 0.830078125 0.0014679546875 0.87109375 0.11009653593749999 0.873046875 0.1145003984375 0.8701171875 0.11303244374999999 0.83203125 0.10422472187500001 0.830078125 0.0014679546875 0.830078125
0 0.111564490625 0.6669921875 0.08367336875 0.646484375 0.07486564531249999 0.646484375 0.048442476562499996 0.65234375 0.046974521875 0.6611328125 0.0939490453125 0.7490234375 0.10862858281250001 0.7666015625 0.1159683515625 0.76953125 0.11743630625000001 0.6767578125 0.111564490625 0.6669921875
0 0.0014679546875 0.689453125 0.04550656875 0.689453125 0.0557822453125 0.6845703125 0.048442476562499996 0.6640625 0.0014679546875 0.6640625 0.0014679546875 0.689453125
0 0.0014679546875 0.646484375 0.0014679546875 0.6640625 0.0337629375 0.666015625 0.046974521875 0.6630859375 0.04550656875 0.6484375 0.039634753125 0.646484375 0.0014679546875 0.646484375
0 0.0543142921875 0.6875 0.0014679546875 0.689453125 0.0014679546875 0.7109375 0.010275676562499999 0.712890625 0.0513783828125 0.712890625 0.067525875 0.7060546875 0.067525875 0.7001953125 0.0543142921875 0.6875
0 0.0704617828125 0.7099609375 0.06605792187500001 0.70703125 0.0014679546875 0.7109375 0 0.7236328125 0.0073397687500000005 0.7265625 0.04550656875 0.7265625 0.0631220140625 0.720703125 0.0704617828125 0.7158203125 0.0704617828125 0.7099609375
0 0.0014679546875 0.7265625 0.0014679546875 0.74609375 0.04550656875 0.74609375 0.07926950625 0.7314453125 0.07926950625 0.7236328125 0.07192973750000001 0.716796875 0.0014679546875 0.7265625
0 0.080737459375 0.732421875 0.0014679546875 0.74609375 0.0014679546875 0.767578125 0.0572501984375 0.76953125 0.080737459375 0.759765625 0.0939490453125 0.7509765625 0.0910131359375 0.7412109375 0.080737459375 0.732421875
0 0.5416749609375 0.775390625 0.5490147296875 0.7705078125 0.5490147296875 0.7275390625 0.5446108671875 0.724609375 0.3185459796875 0.720703125 0.3023984875 0.7236328125 0.2994625796875 0.7646484375 0.3068023484375 0.771484375 0.315610071875 0.7734375 0.3713923171875 0.77734375 0.4418541 0.77734375 0.5416749609375 0.775390625
0 0.303866440625 0.70703125 0.303866440625 0.720703125 0.47414908437500003 0.724609375 0.5490147296875 0.7236328125 0.547546775 0.7109375 0.409559115625 0.70703125 0.303866440625 0.70703125
0 0.43011047031249994 0.685546875 0.31414211718749996 0.6865234375 0.3112062109375 0.7021484375 0.3244177953125 0.70703125 0.5490147296875 0.7099609375 0.5490147296875 0.6904296875 0.5416749609375 0.6875 0.43011047031249994 0.685546875
0 0.547546775 0.66796875 0.3185459796875 0.6640625 0.31414211718749996 0.6669921875 0.31414211718749996 0.6826171875 0.33028960937499996 0.685546875 0.44772591562499997 0.6875 0.5490147296875 0.6865234375 0.547546775 0.66796875
0 0.547546775 0.642578125 0.3390973328125 0.63671875 0.3214818875 0.638671875 0.31414211718749996 0.6435546875 0.31414211718749996 0.6572265625 0.3214818875 0.6640625 0.3890077625 0.666015625 0.5490147296875 0.6650390625 0.547546775 0.642578125
0 0.5490147296875 0.6396484375 0.5490147296875 0.6279296875 0.5446108671875 0.625 0.3390973328125 0.623046875 0.334693471875 0.6259765625 0.334693471875 0.6337890625 0.3390973328125 0.63671875 0.36258459374999996 0.638671875 0.421302746875 0.640625 0.5490147296875 0.6396484375
0 0.5490147296875 0.6162109375 0.5416749609375 0.61328125 0.34790505625 0.611328125 0.3435011953125 0.6142578125 0.3405652859375 0.6201171875 0.34496914843750004 0.623046875 0.37726413281250004 0.625 0.5446108671875 0.626953125 0.5490147296875 0.6240234375 0.5490147296875 0.6162109375
0 0.5490147296875 0.5908203125 0.5446108671875 0.587890625 0.3317575640625 0.5849609375 0.32882165625000004 0.5986328125 0.3332255171875 0.60546875 0.5240595140625001 0.609375 0.5416749609375 0.609375 0.5490147296875 0.6064453125 0.5490147296875 0.5908203125
0 0.546078821875 0.5849609375 0.5446108671875 0.572265625 0.34496914843750004 0.5703125 0.3405652859375 0.5732421875 0.3405652859375 0.5791015625 0.34496914843750004 0.583984375 0.50644406875 0.587890625 0.5416749609375 0.587890625 0.546078821875 0.5849609375
0 0.5490147296875 0.5556640625 0.5446108671875 0.552734375 0.33028960937499996 0.548828125 0.3258857484375 0.5517578125 0.3258857484375 0.5595703125 0.33028960937499996 0.5625 0.5446108671875 0.564453125 0.5490147296875 0.5615234375 0.5490147296875 0.5556640625
0 0.315610071875 0.529296875 0.308270303125 0.5322265625 0.3053343953125 0.5419921875 0.315610071875 0.548828125 0.546078821875 0.5498046875 0.5446108671875 0.533203125 0.3273537015625 0.529296875 0.315610071875 0.529296875