0 0 0.4796875 0.0546875 0.4796875 0.0546875 0.4498287546875 0.040520001562500005 0.3813964359375 0.031152810937499997 0.367672334375 0.025958703125 0.365625 0 0.365625 0 0.4796875
0 0.07856514375 0.4796875 0.0828125 0.45931391875000005 0.0828125 0.44302867968750004 0.0802858375 0.44113543125000004 0.0753422625 0.4407048984375 0.073054275 0.440625 0.060862628125 0.440625 0.0582363109375 0.4421354703125 0.0515924421875 0.4796875 0.07856514375 0.4796875
0 0.11087198125 0.4796875 0.110425 0.45435278125 0.10753049218749999 0.43908735 0.1073814828125 0.4390625 0.09785564062499999 0.4390625 0.09309263749999999 0.44222309375 0.09165231874999999 0.45048295781250003 0.0919779546875 0.4796875 0.11087198125 0.4796875
0 0.22806392187500002 0.4796875 0.228125 0.479400334375 0.228125 0.4699800953125 0.22562688125000002 0.467889459375 0.1654124609375 0.4609375 0.1390625 0.4609375 0.1390625 0.46651464374999996 0.1393929546875 0.471513015625 0.198129028125 0.4796875 0.22806392187500002 0.4796875
0 0.15979506875 0.440625 0.14612440468750001 0.440625 0.1421875 0.4425803484375 0.1421875 0.4481890625 0.1428473765625 0.45748958125000005 0.15161964375 0.460751134375 0.20508448750000002 0.4687966046875 0.23125 0.4687966046875 0.23125 0.45538144375 0.22876635156249997 0.451003903125 0.15979506875 0.440625
0 0.224311571875 0.359375 0.04572055625 0.359375 0.0359586171875 0.36126973125 0.0376823046875 0.3700417125 0.045660403125 0.3717072859375 0.21750886406249997 0.36970764843750004 0.2265625 0.3669985515625 0.2265625 0.365682175 0.2264182859375 0.3607258390625 0.224311571875 0.359375
0 0.2234568046875 0.36875 0.21460554375 0.36875 0.0494788 0.3874315953125 0.0457797265625 0.3908405046875 0.049449587499999996 0.401390171875 0.22465308281250002 0.38156854375 0.228125 0.37836897187499996 0.228125 0.37707029531249997 0.22672759999999997 0.37036898906250004 0.2234568046875 0.36875
0 0.0478289234375 0.40507700625 0.052044309375 0.4049788921875 0.22316902187499998 0.3830234140625 0.2234375 0.3827958890625 0.2234375 0.378125 0.1750343359375 0.378125 0.0467152921875 0.3938881046875 0.0478289234375 0.40507700625
0 0.0435868421875 0.400269128125 0.0444063828125 0.41877073593749997 0.0458200671875 0.41877073593749997 0.225 0.41564599687500003 0.225 0.3953125 0.1165228484375 0.3953125 0.0480964453125 0.3972630296875 0.0435868421875 0.400269128125
0 0.0458595078125 0.3984375 0.0432818703125 0.3984375 0.04076694375 0.40013168437499996 0.04076694375 0.40327698749999996 0.04543288125 0.4081294625 0.18161228125 0.446875 0.2125 0.446875 0.2125 0.4467515390625 0.0458595078125 0.3984375
0 0.1914284234375 0.4303656390625 0.051705465625 0.41563511562500005 0.046948110937499996 0.418088425 0.046969839062500005 0.4289252078125 0.1951648046875 0.446518815625 0.2274453265625 0.44795213437500003 0.228125 0.44693611874999994 0.228125 0.44182993125000003 0.2260984875 0.4359906953125 0.1914284234375 0.4303656390625
0 0.3937767390625 0.4796875 0.252014515625 0.45625 0.2359375 0.45625 0.2359375 0.47049019375 0.2864233734375 0.4796875 0.3937767390625 0.4796875
0 0.2482240921875 0.4796875 0.41155442343750004 0.4578125 0.30417815937500003 0.4578125 0.233562 0.4668892484375 0.22965734062499998 0.4702323875 0.22965734062499998 0.47077071249999997 0.2329924328125 0.4796875 0.2482240921875 0.4796875
0 0.41579481874999996 0.446875 0.3873216296875 0.446875 0.23368339531250001 0.45504268124999997 0.23630992499999998 0.4706843703125 0.2442260953125 0.4719947140625 0.24876849843749999 0.4719947140625 0.41627450781249997 0.463089796875 0.41875 0.461057365625 0.41875 0.451719140625 0.41815817656250004 0.44819467343749997 0.41579481874999996 0.446875
0 0.23185375000000003 0.44640358593749996 0.375540325 0.4296875 0.270781425 0.4296875 0.23205855 0.43472536093749997 0.23185375000000003 0.44640358593749996
0 0.23879454218750001 0.3875 0.2340073875 0.3875 0.228661284375 0.3947586265625 0.22951777812500002 0.4068034734375 0.233346584375 0.41041011093749996 0.4010677953125 0.438037884375 0.41008223906249996 0.43753882343750006 0.415267878125 0.4334331234375 0.415625 0.4314032140625 0.415625 0.41803625625 0.41381352812500005 0.41632989531250003 0.23879454218750001 0.3875
0 0.31357416875 0.40086710468750003 0.24552746406249998 0.3953125 0.2311344515625 0.3953125 0.2303541328125 0.3955471765625 0.2319021796875 0.40251776406250006 0.2695885703125 0.40625 0.3671875 0.40625 0.3671875 0.40617665000000003 0.31357416875 0.40086710468750003
0 0.41875 0.39777744843749996 0.41875 0.39268159687500004 0.415241703125 0.38789694531249996 0.3304632375 0.378011971875 0.2487060078125 0.3734375 0.23336662656249998 0.3734375 0.23235719375000002 0.384224003125 0.24679261718749998 0.38786835937499997 0.40444274687500004 0.40625 0.4154598515625 0.40625 0.41808357812499997 0.40489866250000006 0.41875 0.39777744843749996
0 0.2508362734375 0.3515625 0.2300484203125 0.3515625 0.2286183328125 0.35272593125 0.2302258484375 0.36286664062499996 0.353036703125 0.384375 0.4140625 0.384375 0.4140625 0.3792629953125 0.2508362734375 0.3515625
0 0.4285458828125 0.37897394218749997 0.43312932968749995 0.38121115781250003 0.43911565 0.382259328125 0.61875 0.35508719843750003 0.61875 0.353125 0.518427496875 0.353125 0.43212981250000004 0.36573288437499996 0.4285458828125 0.37897394218749997
0 0.43365435156250004 0.3771874625 0.4305011 0.3755654890625 0.4246495890625 0.376215078125 0.4185564890625 0.37947620937500004 0.4185564890625 0.38421628281250003 0.42308882187499997 0.3882204953125 0.5703287109375 0.371875 0.46503661249999995 0.371875 0.439278365625 0.3745911 0.43365435156250004 0.3771874625
0 0.42731345000000004 0.36875 0.4224424078125 0.38385787968749996 0.6062939234375 0.4177233046875 0.609375 0.40816712656250004 0.609375 0.3991912421875 0.444112971875 0.36875 0.42731345000000004 0.36875
0 0.41956690781250006 0.43378433125000004 0.6125 0.4033228953125 0.6125 0.39375 0.5924935875 0.39375 0.41969997968749995 0.42101879999999997 0.41956690781250006 0.43378433125000004
0 0.6145715078125 0.42043627343749995 0.621875 0.417138 0.621875 0.4078125 0.6118672890625 0.4078125 0.4188448671875 0.4331292765625 0.41962803437499996 0.44375 0.421336659375 0.44375 0.6112856765625 0.418892259375 0.6145715078125 0.42043627343749995
0 0.6148269390625 0.44751717500000004 0.43955009062499995 0.41875 0.4320373078125 0.41875 0.4259667125 0.4215183578125 0.428534059375 0.4239070765625 0.428833434375 0.43088955625 0.596862875 0.459375 0.615625 0.459375 0.615625 0.4482597078125 0.6148269390625 0.44751717500000004
0 0.6140625 0.4796875 0.6140625 0.46843812968750004 0.5263645703125001 0.44912061249999996 0.43061795312499995 0.428125 0.4277382375 0.428125 0.423989453125 0.429663759375 0.42330735781250006 0.4348809078125 0.42330735781250006 0.4461936015625 0.42599304374999997 0.44873149999999995 0.5193647515625 0.46826758125 0.5220328046875 0.47078881875 0.56684775625 0.4796875 0.6140625 0.4796875
0 0.5747078109375 0.4796875 0.528640540625 0.46810687968750003 0.444299996875 0.446875 0.4372531015625 0.446875 0.4350740796875 0.4476638046875 0.43226752187499995 0.45716635625 0.4531244015625 0.4631947 0.4553814265625 0.4657722890625 0.5148554328125 0.4796875 0.5747078109375 0.4796875
0 0.5167641109375001 0.4796875 0.4583919140625 0.47040055937499997 0.44347783124999995 0.4671875 0.4415319984375 0.4671875 0.4365053609375 0.4680479375 0.434831525 0.4671875 0.426806215625 0.4671875 0.42620716718749996 0.46746494062500005 0.424623371875 0.4771192234375 0.42896613281249996 0.4796875 0.5167641109375001 0.4796875
0 0.18265720624999998 0.0221252796875 0.1765430265625 0.021875 0.051006353125 0.021875 0.0475760796875 0.02248144375 0.0394004265625 0.029013332812499997 0.03707035625 0.07011726093750001 0.052756659375 0.0737021765625 0.2781152390625 0.0790033265625 0.2828125 0.076288765625 0.2828125 0.029007703125 0.28169538437499997 0.028141206250000002 0.18265720624999998 0.0221252796875
0 0.1825737875 0.06875 0.0375 0.06875 0.0375 0.0807281765625 0.14285149375 0.08440713125 0.2812285 0.08532118749999999 0.28125 0.0851789546875 0.28125 0.072563128125 0.20817470624999998 0.069056478125 0.1825737875 0.06875
0 0.0576637015625 0.08125 0.046728306250000004 0.0830821390625 0.046728306250000004 0.0900159578125 0.04762278125 0.09913123593749999 0.16313509375 0.1222740359375 0.187095884375 0.12645134375 0.28125 0.12645134375 0.28125 0.1205395609375 0.06151901875 0.08125 0.0576637015625 0.08125
0 0.1843872671875 0.11973764843750001 0.0699947953125 0.1015625 0.051628484375000006 0.1015625 0.049219390625 0.116735490625 0.053111325 0.12038761718749999 0.2400001578125 0.15 0.28125 0.15 0.28125 0.1377342078125 0.1843872671875 0.11973764843750001
0 0.1281084859375 0.1348635953125 0.067573446875 0.128125 0.059897915625 0.128125 0.052592681249999995 0.133145484375 0.050369050000000005 0.146702884375 0.056838260937499996 0.152567715625 0.073952675 0.15695944687500002 0.179089546875 0.16875 0.2828125 0.16875 0.2828125 0.1576195375 0.1281084859375 0.1348635953125
0 0.2825133546875 0.1752793078125 0.156174346875 0.15890383125000002 0.0973783015625 0.1536856609375 0.083065753125 0.153125 0.0730913359375 0.153125 0.069219965625 0.1551332234375 0.068765215625 0.1628886734375 0.0729958625 0.16633374375 0.24731342343749999 0.1859375 0.2828125 0.1859375 0.2828125 0.181702075 0.2825133546875 0.1752793078125
0 0.1114282109375 0.1697036953125 0.0840176765625 0.165625 0.07727572187500001 0.165625 0.0753407671875 0.16645020625 0.0753407671875 0.16910495781249998 0.0769891390625 0.173204753125 0.08120375625000001 0.177000478125 0.1969238984375 0.2 0.2640625 0.2 0.2640625 0.199798434375 0.1114282109375 0.1697036953125
0 0.2522050921875 0.1703125 0.2496503078125 0.1708946390625 0.067094690625 0.21655472812499998 0.0653461453125 0.22233383906249998 0.0653461453125 0.22525794375000002 0.0714657875 0.23688669375 0.2754880515625 0.187350775 0.278125 0.18439515625 0.278125 0.18084511718750002 0.27508058125 0.1703125 0.2522050921875 0.1703125
0 0.27832226718749997 0.239893053125 0.2438344828125 0.23255025156250003 0.08703245468750001 0.203125 0.084350790625 0.203125 0.079520840625 0.206595890625 0.0782317296875 0.2123412203125 0.08189815 0.216131734375 0.2181734953125 0.24375 0.2796875 0.24375 0.2796875 0.24130449375000002 0.27832226718749997 0.239893053125
0 0.0676671359375 0.215625 0.06601505156250001 0.215625 0.061932140625 0.216926071875 0.060648523437500004 0.22380140937499998 0.060648523437500004 0.22456213281249998 0.0643387171875 0.22851844687499998 0.2113471765625 0.26875 0.2546875 0.26875 0.2546875 0.2685531484375 0.0676671359375 0.215625
0 0.26731473437500003 0.2422866046875 0.0489463984375 0.269178946875 0.0405656546875 0.27697095 0.0405656546875 0.277568690625 0.045315953125 0.286534740625 0.0531253203125 0.28859423125 0.0646173671875 0.28722974843750004 0.275 0.258294159375 0.275 0.2471923265625 0.27441425625 0.2425758875 0.26731473437500003 0.2422866046875
0 0.6796875 0.4796875 1 0.4796875 1 0.42541118906250003 0.6796875 0.3425170328125 0.6796875 0.4796875
0 1 0.2659363625 0.6796875 0.28343099375 0.6796875 0.3624143109375 1 0.358606240625 1 0.2659363625
0 1 0.176474075 0.6796875 0.0920205015625 0.6796875 0.2543429046875 0.9110413390625001 0.31368154062500003 1 0.31368154062500003 1 0.176474075
0 0.6796875 0 0.6796875 0.09123341562500001 0.9504020531249999 0.1423481953125 0.9589461703125 0.13440555625 0.9828125 0.015032956250000002 0.9828125 0 0.6796875 0
0 0.5105131093749999 1 0.5109375 0.998117721875 0.5109375 0.9775960078124999 0.2400034734375 0.9484375 0.216833528125 0.9484375 0.2079185890625 0.9839290484374998 0.3441572421875 1 0.5105131093749999 1
0 0.2581403859375 0.953408146875 0.258093878125 0.9541339015624999 0.2587258828125 0.9815147734374999 0.562037921875 0.9500072703125 0.5640625 0.9417391703125 0.5640625 0.9359375 0.3726492265625 0.9359375 0.2825969875 0.94586853125 0.2581403859375 0.953408146875
0 0.431968309375 0.8671875 0.22913317968750002 0.9396798875 0.22051691718750002 0.9492382796874999 0.22051691718750002 0.9534190875 0.2286800140625 0.97625959375 0.234942053125 0.9792241046874999 0.5171875 0.8741978156249999 0.5171875 0.8713807328125001 0.516194215625 0.8671875 0.431968309375 0.8671875
0 0.254162190625 0.8390625 0.23880572031249997 0.8390625 0.23718821406249999 0.8401276796874999 0.2359375 0.857748975 0.2359375 0.8763384515624999 0.4701688296875 0.9296963140625 0.53798353125 0.9296963140625 0.540625 0.9200600890625001 0.540625 0.9177363578125 0.5382485796875 0.9037773375 0.254162190625 0.8390625
0 0.5262581234375 0.8490231749999999 0.5224497609375 0.8433841375 0.23958925312499998 0.81875 0.2216130921875 0.81875 0.2216130921875 0.85126818125 0.41779053125 0.8703125 0.5265625 0.8703125 0.5265625 0.8548310296875 0.5262581234375 0.8490231749999999
0 0.5409820171875 0.8295318125 0.260440165625 0.775 0.249950803125 0.775 0.24425207968749998 0.7788438390625 0.24093928125000003 0.806161834375 0.4171815625 0.8421875 0.546875 0.8421875 0.546875 0.8382685203125 0.5409820171875 0.8295318125
0 0.5045853578124999 0.7265625 0.2144821296875 0.7895697296874999 0.2186586 0.8220112593750001 0.2206215140625 0.8220112593750001 0.5145412140625 0.75817513125 0.515625 0.7565587265625 0.515625 0.7315523578125 0.5113714640625 0.7265625 0.5045853578124999 0.7265625
0 0.5203125 0.7538723359375 0.23013611093750003 0.696875 0.2188739015625 0.696875 0.2137230421875 0.707227584375 0.2137230421875 0.7281401953125 0.476153040625 0.7796875 0.5152022203125 0.7796875 0.5203125 0.7564531296875 0.5203125 0.7538723359375
0 0.5390625 0.7166750625 0.537516646875 0.713550771875 0.23891244843749998 0.6703125 0.23512794218750002 0.6703125 0.2316054265625 0.6984990296875 0.2316054265625 0.7024469765625 0.41421374999999994 0.73125 0.537366703125 0.73125 0.5390625 0.7236247109375 0.5390625 0.7166750625
0 0.2138888890625 0.61875 0.205884815625 0.61875 0.1992647625 0.6486145703125 0.4202328296875 0.7111116609374999 0.503125 0.7111116609374999 0.503125 0.709834465625 0.5021097453125 0.7002684078125 0.2138888890625 0.61875
0 0.2311990421875 0.575 0.21363549375000002 0.575 0.2090556640625 0.598341353125 0.2090556640625 0.61057916875 0.4978667609375 0.6812825578125 0.5049719953125 0.6812825578125 0.5140625 0.6486935546875 0.5140625 0.6456069624999999 0.5108032203125 0.64064913125 0.2311990421875 0.575
0 0.25501524375 0.5546875 0.23842962499999998 0.5546875 0.22703840468749997 0.5584484562500001 0.225829675 0.5908026125 0.524398190625 0.603061621875 0.5296875 0.5854851453125 0.5296875 0.5698472046874999 0.527200065625 0.5658632156250001 0.25501524375 0.5546875
0 0.1507598859375 0.56875 0.1278801546875 0.56875 0.1278801546875 0.710127446875 0.15393671874999998 0.8709223015625 0.1643374671875 0.87725261875 0.1953125 0.8739528 0.1953125 0.8265541578125 0.15543814375 0.5703500109374999 0.1507598859375 0.56875
0 0.56046089375 0.8782806546874999 0.563801246875 0.8782806546874999 0.5679541625 0.8749039140624999 0.6054691562500001 0.602916215625 0.6060388390625 0.5835872859375 0.6060388203125 0.58358703125 0.5973707390625 0.5774289328125 0.5830665500000001 0.5765625 0.5648449640625001 0.5765625 0.5287962484375 0.869011371875 0.56046089375 0.8782806546874999
0 0.6373031390625 0.5719893328125 0.6260164671874999 0.5671875 0.61636444375 0.5671875 0.609375 0.5685979453125001 0.609375 0.8344220359375001 0.6181535328125001 0.8757568359375 0.653125 0.8696902203124999 0.653125 0.8609626531250001 0.638655525 0.57773455 0.6373031390625 0.5719893328125
0 0.6842716703125 0.4796875 0.6796875 0.5276634875 0.6796875 0.9983786625000001 0.6826844046875 0.99867995 0.7176612578125 0.99867995 0.7743649109375 0.5141410046875 0.7755251796875 0.4796875 0.6842716703125 0.4796875
0 0.8019628515624999 0.4796875 0.72446756875 0.988346234375 0.7882439437500001 0.99739956875 0.803283515625 0.9867907421875 0.8871933484374999 0.4796875 0.8019628515624999 0.4796875
0 0.9327931828124999 0.4796875 0.8172203265625001 0.992476046875 0.8602977562499999 1 0.8980268125 1 0.898522834375 0.9993025921874998 0.9921875 0.603320221875 0.9921875 0.4796875 0.9327931828124999 0.4796875
0 1 1 1 0.4796875 0.9538641531250001 0.4796875 0.9824142578125 1 1 1