0 0.20397682499999997 0.4890625 0.1545829390625 0.0512781671875 0.1344679953125 0.028012225 0.117122278125 0.028012225 0.056208959375 0.0473246890625 0.056208959375 0.05286252031250001 0.0953552890625 0.4890625 0.20397682499999997 0.4890625
0 0.200732190625 0 0.2008403328125 0.002570275 0.2751995140625 0.4890625 0.3359375 0.4890625 0.3359375 0.47082088125 0.2635033453125 0 0.200732190625 0
0 0.29313108906249996 0 0.3912989484375 0.4890625 0.5113612453124999 0.4890625 0.4143735484375 0 0.29313108906249996 0
0 0.6224965375 0.4890625 0.5235771234375 0.047245734375 0.487520021875 0.047245734375 0.42425512187500003 0.0575165671875 0.39574026875 0.083211609375 0.396547490625 0.1196862 0.481786190625 0.4890625 0.6224965375 0.4890625
0 0.5331106703125 0 0.5041944828125 0.0284771421875 0.5004205875000001 0.049531129687499995 0.519271584375 0.05279191875 0.5280032390625 0.072099159375 0.6307179203125 0.4890625 0.75 0.4890625 0.75 0.31378911249999997 0.6702589078125001 0 0.5331106703125 0
0 0.75034348125 0 0.75 0.00796875 0.75 0.08070023125 0.78203125 0.0830729171875 0.786279296875 0 0.75034348125 0
0 0.8949563421875 0 0.89140625 0.08046875 0.905078125 0.0830729171875 0.9099784937500001 0 0.8949563421875 0
0 0.923510175 0 0.920703125 0.08046875 0.928515625 0.0830729171875 0.994921875 0.08046875 0.9970029640625 0 0.923510175 0
0 0.75 0.4890625 0.8068589953125 0.4890625 0.811328125 0.3174479171875 0.8064453125 0.3109375 0.75 0.313947915625 0.75 0.4890625
0 0.866150103125 0.4890625 0.869921875 0.3356770828125 0.8162109375 0.3317708328125 0.8112768828125001 0.4890625 0.866150103125 0.4890625
0 0.887531015625 0.4890625 0.8904296875 0.3604166671875 0.869921875 0.3643229171875 0.8668794468750001 0.4890625 0.887531015625 0.4890625
0 0.9109477796875 0.4890625 0.91484375 0.3903645828125 0.91484375 0.36171875 0.9099609375 0.3578125 0.893359375 0.36171875 0.888224546875 0.4890625 0.9109477796875 0.4890625
0 0.9341138750000001 0.4890625 0.936328125 0.45026041718750004 0.93828125 0.3643229171875 0.9333984375 0.3578125 0.91484375 0.36171875 0.9098170234375 0.4890625 0.9341138750000001 0.4890625
0 0.952748703125 0.4890625 0.9587890625 0.35 0.93828125 0.35390625 0.9334922484374999 0.4890625 0.952748703125 0.4890625
0 1 0.4890625 1 0.361638621875 0.9626953125 0.3578125 0.9566189234374999 0.4890625 1 0.4890625
0 0 1 0.004152171875 1 0.0895299671875 0.79319405625 0.090625 0.7766698046875 0.090625 0.7551707546875 0.0867957609375 0.7511348531250001 0.073621665625 0.766632840625 0.047082584375 0.7466337953125001 0.018552260937500002 0.7466337953125001 0 0.7930572875 0 1
0 0.172888384375 1 0.1953125 0.8022399874999999 0.1953125 0.741136478125 0.18700195 0.729693278125 0.16401884375 0.7354456625 0.1338483546875 0.7231711609375 0.1336701984375 0.7231711609375 0.1295641296875 0.7323357421875001 0.1253707609375 0.7767771296875 0.128555353125 0.8158297125 0.1191868609375 0.8447409640625001 0.10328194531249998 1 0.172888384375 1
0 0.2765625 1 0.2765625 0.7157875734375001 0.2703839734375 0.70483186875 0.2194894953125 0.70483186875 0.2140442640625 0.7051548249999999 0.2095236625 0.714335546875 0.216564565625 0.74294224375 0.226130134375 1 0.2765625 1
0 0.3300653484375 1 0.31019368593749996 0.7260629578125 0.29314621875 0.7156422828125001 0.2861069984375 0.7156422828125001 0.24942533125000002 0.7282752859375 0.270082725 1 0.3300653484375 1
0 0.3942880359375 1 0.367630203125 0.729834684375 0.349951453125 0.71868718125 0.30491710781250003 0.7268065921875 0.3329790640625 1 0.3942880359375 1
0 0.45863486875000004 1 0.460546875 0.73359375 0.4556640625 0.7244791671874999 0.4380859375 0.7192708328125 0.4302734375 0.7244791671874999 0.3951171875 0.721875 0.39558384062499996 1 0.45863486875000004 1
0 0.5203222656250001 1 0.523046875 0.73359375 0.5201171875 0.7244791671874999 0.4966796875 0.7114583328125 0.4849609375 0.7166666671874999 0.4380859375 0.7140625 0.433203125 0.71796875 0.4517578125 0.721875 0.4625 0.7361979171874999 0.46067648281249995 1 0.5203222656250001 1
0 1 0.4890625 0.75 0.4890625 0.75 0.6623510109375 0.756467171875 0.660291534375 0.79366910625 0.6529780203125 0.914317340625 0.6111176203124999 1 0.5865555625 1 0.4890625
0 1 0.6813651328125 0.9799593281250001 0.6813651328125 0.9321381453124999 0.687214628125 0.9208605625 0.69271475 0.8510636890625 0.6995783046875 0.82634474375 0.7080102765625 0.7602360140625 0.7121692203125 0.75 0.7138058796875 0.75 0.8781169546875001 0.91420724375 0.8028543812500001 0.9760208031250001 0.7699900140625 1 0.7624946265625001 1 0.6813651328125
0 1 0.79212625625 0.9070247171875 0.79212625625 0.8995575625000001 0.7945477859375 0.884434484375 0.8078149625 0.8746489828125 0.8079287125000001 0.79568880625 0.8402658859375001 0.75 0.86124709375 0.75 0.98747799375 0.7624177515625 0.9846578656249999 0.8655035999999999 0.967749909375 0.9235761421875001 0.9513652 1 0.9385471921875 1 0.79212625625