0 0.062289790624999994 0 0 0.5297872796875 0 0.5414418875 0.073144659375 0.5584862125 0.0978554671875 0.528608496875 0.1719060046875 0 0.062289790624999994 0
0 0.25443262031249997 0 0.04917138125 0.558945478125 0.0490631640625 0.559375 0.1139069609375 0.559375 0.319919090625 0 0.25443262031249997 0
0 0.26141650781250003 0 0.2278463953125 0.559375 0.34818916718750004 0.559375 0.3804196265625 0 0.26141650781250003 0
0 0.41759581875 0 0.37000465 0.4655045515625 0.37000465 0.4974267125 0.3720344140625 0.5175935468749999 0.40331815937500004 0.537232778125 0.502067678125 0.53309296875 0.5531474765625 0 0.41759581875 0
0 0.5796875 0.559375 0.5796875 0.103783425 0.44172628593749996 0.5009328796875 0.4311825765625 0.5196882734375 0.4122169171875 0.5216383812500001 0.4138683890625 0.54302215 0.427650896875 0.559375 0.5796875 0.559375
0 0.583003796875 0 0.5796875 0.0213903828125 0.5796875 0.49582229375000003 0.5831065078125001 0.4974066921875 0.5982685703125 0.482904990625 0.6020070359374999 0.47012421875 0.628125 0.2023095015625 0.628125 0 0.583003796875 0
0 0.6534853765624999 0 0.6534853765624999 0.2959472703125 0.6723774984374999 0.480405965625 0.6693691125 0.50904096875 0.6751398578125001 0.518191390625 0.683459546875 0.5186355015624999 0.7309706015625 0.5186355015624999 0.7359375 0.5068021593750001 0.7359375 0.49289635 0.6889046703125 0 0.6534853765624999 0
0 0.7264948078125 0 0.7264948078125 0.310820090625 0.73522481875 0.4981424171875 0.7776135265625 0.50382198125 0.79375 0.48954360937499997 0.79375 0.45326070781250005 0.771059428125 0 0.7264948078125 0
0 0.8403284328125 0 0.8377160968750001 0.010920725000000001 0.7410989265625 0.4910177046875 0.7848348046875 0.502317675 0.8034206046874999 0.49237423593749996 0.9005025859375 0 0.8403284328125 0
0 0.8568962359375 0 0.8560546875 0.5015625 0.8912109375 0.49895833281249996 0.8990234375 0.5041666671875 0.9166015625 0.49895833281249996 0.921484375 0.48984375 0.91796875 0 0.8568962359375 0
0 0.920069484375 0 0.9234375 0.48723958281249996 0.9126953125 0.5015625 0.894140625 0.50546875 0.8990234375 0.509375 0.9458984375 0.5067708328125 0.9576171875 0.5119791671875 0.9810546875 0.49895833281249996 0.983984375 0.48984375 0.978974609375 0 0.920069484375 0
0 0.086113846875 0.559375 0.0083455109375 0.8500505296875 0 0.8852882484375 0 1 0.125560796875 1 0.217821875 0.559375 0.086113846875 0.559375
0 0.251402315625 0.559375 0.12905150468749998 0.993787153125 0.1321182109375 1 0.275414615625 1 0.37977395937499997 0.559375 0.251402315625 0.559375
0 0.3849152234375 0.559375 0.22054092656250002 0.9412056906250001 0.22818510937499997 0.9597151671875 0.28806849843750004 1 0.34431363125000003 1 0.3606007171875 0.9342190484374999 0.50686964375 0.559375 0.3849152234375 0.559375
0 0.5796875 0.559375 0.4949282234375 0.559375 0.427734375 0.9001487499999999 0.5029296890625 0.9430509859375 0.521484375 0.9365506484375 0.5796875 0.5783697250000001 0.5796875 0.559375
0 0.692464578125 1 0.7015625 0.9887580125 0.7015625 0.9857705328125 0.6969023640625001 0.9472429281250001 0.6248089390625 0.6581386671875 0.6226958421875 0.65625 0.6175453765625 0.65625 0.5897561859375 0.66731020625 0.5829172890625001 0.67495918125 0.5829172890625001 0.7570206734375 0.6488058062500001 1 0.692464578125 1
0 0.7768672453125001 1 0.778125 0.9850790390625 0.778125 0.6671875 0.7776597984375 0.6671875 0.7725088828125 0.6713137203125 0.744809625 0.9967967109375 0.744485734375 1 0.7768672453125001 1
0 0.7973963359375 1 0.78037699375 0.9320593453124999 0.7582116828125 0.8653633453125 0.7188083875 0.7030581265625 0.71067533125 0.679857046875 0.7037167578125001 0.675 0.6937103703125 0.675 0.6937103703125 0.814697515625 0.7480104234375 0.9984369265625 0.7484348375 1 0.7973963359375 1
0 0.8654757906249999 1 0.8034889812499999 0.7206349328125 0.7937961343750001 0.680814065625 0.7915291078125 0.6796875 0.764137984375 0.6796875 0.7561674984375 0.6858965203125 0.7561674984375 0.7835998656250001 0.7731380437500001 0.86815238125 0.801812546875 0.97894545 0.8055863796875 1 0.8654757906249999 1
0 1 0.678125 0.9822322234375 0.678125 0.9808248453124999 0.6803873890625 0.9186695984375 1 0.9745278828125 1 0.99144255 0.9142132671875001 1 0.8808504062499999 1 0.678125
0 0.978937540625 1 0.978515625 0.8774884249999999 0.982421875 0.686516203125 0.9765625 0.6778356484375 0.9638671875 0.6763888890625 0.9609375 0.6807291656250001 0.958984375 0.7299189828125 0.958984375 1 0.978937540625 1