0 0.51875 0.07073648125000001 0.475 0.29742939687500003 0.475 0.30138221249999997 0.48116663125 0.3046875 0.5162275015625 0.3046875 0.518038571875 0.3002687 0.51875 0.29669901875 0.51875 0.07073648125000001
0 0.43087780468750003 0 0.46613810468750005 0.3015625 0.46966745000000004 0.3015625 0.49314082031249995 0.296669915625 0.4656025625 0.06627955937499999 0.46141444531250003 0 0.43087780468750003 0
0 0.49784130781249997 0 0.4796875 0.28171357812500003 0.4796875 0.30081080937500004 0.48537167343750004 0.3012748046875 0.490291284375 0.301112715625 0.5106623921875 0 0.49784130781249997 0
0 0.4359375 0 0.4359375 0.011049375 0.439659615625 0.2720163125 0.4420245625 0.3015625 0.46280337187500004 0.3015625 0.46280337187500004 0.011193696875 0.462533659375 0 0.4359375 0
0 0.45169805781249994 0.265625 0.45169805781249994 0.20754035937499998 0.3982851859375 0.013259123437500001 0.39105897968750003 0.0018284031249999999 0.3810647828125 0.0018284031249999999 0.3765625 0.0028882453125 0.3765625 0.0119768421875 0.45146250156249995 0.265625 0.45169805781249994 0.265625
0 0.397123584375 0 0.346875 0.210563203125 0.346875 0.296875 0.349931478125 0.296875 0.3592771375 0.27750635 0.42661785781250006 0 0.397123584375 0
0 0.3646112140625 0 0.3626880265625 0.017116996875000002 0.346875 0.272004015625 0.346875 0.293849184375 0.3510410671875 0.2947239453125 0.35776827187500004 0.2953125 0.361238278125 0.2953125 0.3685374421875 0.2303475765625 0.385538428125 0 0.3646112140625 0
0 0.3171791703125 0 0.309375 0.1155272203125 0.309375 0.3 0.33286125625 0.3 0.35889409687499996 0 0.3171791703125 0
0 0.234869753125 0 0.29860350625 0.287935934375 0.3063623078125 0.2953125 0.3134220234375 0.2953125 0.3384646484375 0.2886151890625 0.2784336015625 0 0.234869753125 0
0 0.1850507203125 0 0.18125 0.258099859375 0.18125 0.2870174546875 0.1871898125 0.29876661875 0.20133552500000002 0.3015625 0.218871821875 0.3015625 0.234241178125 0.29986205 0.2742596859375 0.2570547421875 0.2720955125 0 0.1850507203125 0
0 0.126241421875 0 0.1505756515625 0.2572299859375 0.15490203125 0.2911527140625 0.1611341625 0.2966303328125 0.1643010328125 0.296875 0.1797518484375 0.296875 0.1797518484375 0 0.126241421875 0
0 0.0595278296875 0 0.1247499140625 0.2682406578125 0.13124885 0.2890625 0.1400435078125 0.2890625 0.150131084375 0.28158585468749997 0.08108185 0 0.0595278296875 0
0 0.05625 0 0.05625 0.0051347171875 0.08128129375000001 0.290625 0.101111896875 0.290625 0.0972389734375 0.2084836390625 0.0787765640625 0 0.05625 0
0 0.0484375 0 0.0484375 0.2953125 0.048814410937500004 0.2953125 0.0586961375 0.2939206734375 0.0649281765625 0.16627274375 0.069023246875 0 0.0484375 0
0 0.01750121875 0 0.0825882625 0.265625 0.0828125 0.265625 0.0828125 0.18908654375 0.0380641609375 0 0.01750121875 0
0 0 0 0 0.29375 0.021066546875 0.29375 0.0277213921875 0.2928936578125 0.0434687265625 0.2761091375 0.0141376921875 0 0 0
0 0.37617623437500003 0.5296875 0.37617623437500003 0.4511519625 0.3756971046875 0.4431905078125 0.33125 0.45058078124999995 0.33125 0.4825602046875 0.3329680421875 0.5296875 0.37617623437500003 0.5296875
0 0.32622977343750004 0.5296875 0.312949559375 0.440567025 0.3066889296875 0.440567025 0.261875546875 0.4467478890625 0.259375 0.46792435781249997 0.259375 0.5021086953125 0.2650145578125 0.5296875 0.32622977343750004 0.5296875
0 0.2569741875 0.5296875 0.2606289484375 0.48480995312499997 0.2728294140625 0.44776509531249997 0.2729579546875 0.4453123875 0.2274500296875 0.4388607734375 0.21837041875000002 0.4388607734375 0.2138727390625 0.44375530625000004 0.19698610156250002 0.473623984375 0.1953125 0.48955700156250004 0.1953125 0.5296875 0.2569741875 0.5296875
0 0.20806183749999999 0.5296875 0.20806183749999999 0.5296710453125 0.1957602046875 0.47391570312500003 0.20231946406249998 0.4375766453125 0.194646240625 0.4375766453125 0.1693229265625 0.4382527625 0.1578125 0.47295540625 0.1578125 0.479102540625 0.16897336093749998 0.5296875 0.20806183749999999 0.5296875
0 0.1453052265625 0.5296875 0.15293905624999998 0.4782463734375 0.163376690625 0.457280634375 0.1606867296875 0.44037690625000003 0.07359846406250001 0.43879230312499995 0.067908325 0.4453725609375 0.0671875 0.45287270625 0.0671875 0.5296875 0.1453052265625 0.5296875
0 0 0.5296875 0.069972690625 0.5296875 0.0576600515625 0.434966278125 0.05247892656249999 0.429425875 0.044055671875 0.429425875 0 0.432139175 0 0.5296875
0 0.4105444125 0.5296875 0.4130343703125 0.503543984375 0.4058061859375 0.5059921984375 0.4040121671875 0.5296875 0.4105444125 0.5296875
0 0.51875 0.451668865625 0.4484375 0.4561973265625 0.4484375 0.5296875 0.514276984375 0.5296875 0.51875 0.47152942343750004 0.51875 0.451668865625
0 1 0.20372992812500001 0.89983570625 0.5296875 0.9578059921875 0.5296875 0.97289024375 0.48141384374999996 1 0.38876976875 1 0.20372992812500001
0 1 0.1343895203125 0.8867354031250001 0.49829032656249994 0.8753179421875 0.5296875 0.9070813531249999 0.5296875 0.9296973078124999 0.4614213625 0.9981970499999999 0.23746194375 1 0.2325299484375 1 0.1343895203125
0 0.8417727859374999 0.5296875 0.9600930109375 0.149297253125 0.9919314171875001 0.0402934765625 0.9944778062499999 0.028747621875 0.9906528796875002 0.023991778124999998 0.9844359265625 0.0234375 0.98292754375 0.0234375 0.97536065625 0.0358728765625 0.9467052359375 0.130444334375 0.9307817578125 0.16728652500000002 0.9307838953124999 0.176116375 0.9180455406250001 0.20735609687499998 0.8454520921875 0.44811444375000004 0.8234375 0.515482503125 0.8234375 0.5296875 0.8417727859374999 0.5296875
0 0.855296375 0.5296875 0.9201898937500002 0.1533580515625 0.9278677171874999 0.1411462484375 0.921873665625 0.1300504703125 0.9235574374999999 0.106742890625 0.9107106140625 0.0947583671875 0.8970387390625 0.0958743921875 0.8941932234374999 0.1033473359375 0.8831141875 0.1592807828125 0.8834845484375 0.1911094859375 0.874425975 0.2526705375 0.8595416953124999 0.3176034 0.8358008578125 0.4614584265625 0.8210826640625001 0.5296875 0.855296375 0.5296875
0 0.7882719078125 0.5296875 0.8159672562499999 0.4643772359375 0.8707116140625001 0.31710033125 0.894333178125 0.26365168906249997 0.9184007812499999 0.18674261875 0.90886646875 0.16962352812499998 0.8918077906249999 0.15615469843750002 0.8687655281250001 0.1538365359375 0.8620897484375 0.163448490625 0.757423253125 0.43204397187500004 0.7167065421875 0.5296875 0.7882719078125 0.5296875
0 0.718806021875 0.5296875 0.76444719375 0.43519191562500004 0.76444719375 0.4055190203125 0.7553503781249999 0.391250659375 0.7195300781249999 0.3506479953125 0.7105431796875 0.34401391875 0.70393434375 0.34401391875 0.6989176484375 0.3482437484375 0.613659715625 0.5296875 0.718806021875 0.5296875
0 0.46470995625 0.5296875 0.4609375 0.5356570125 0.4609375 0.5376461203125 0.4620051890625 0.550725865625 0.48112464531250004 0.6999636640625 0.4911851109375 0.7198536515625 0.495785628125 0.7427662328125 0.5078430171874999 0.7465065421875 0.510513578125 0.746875 0.5140625 0.746875 0.5140625 0.573126503125 0.510067415625 0.5323419484375 0.50882669375 0.5296875 0.46470995625 0.5296875
0 0.4152990671875 0.6478574390625 0.4377910421875 0.720103346875 0.4407713875 0.7429935078125001 0.4436385078125 0.74375 0.4484305703125 0.74375 0.45576436875 0.7351920765625 0.4616288078125 0.7353285312500001 0.4629381 0.7272087046875 0.418617921875 0.5664317546875 0.41276969374999994 0.560664721875 0.4068587609375 0.560664721875 0.398026009375 0.5675826765624999 0.3953125 0.5733050656249999 0.3953125 0.5842891234375001 0.40711805156249997 0.608545684375 0.4152990671875 0.6478574390625
0 0.42274153593749997 0.7515625 0.42630273750000003 0.7495952390625 0.42813514843749995 0.743333209375 0.42390555 0.6674480234375 0.4263500578125 0.6104500015625 0.42025348124999995 0.5936666546875 0.41970084375 0.5936666546875 0.40663185 0.6013934812499999 0.40625 0.6073754078125 0.40625 0.7476939671875 0.4165556921875 0.7515625 0.42274153593749997 0.7515625
0 0.38085494375 0.746875 0.3874603640625 0.746875 0.394043109375 0.744920815625 0.40281378593749995 0.7364544296875 0.40281378593749995 0.7257746203125001 0.40024696249999997 0.6487787625 0.40184852187500003 0.5595159078125 0.3964282671875 0.5530348921875 0.395648134375 0.5530348921875 0.376855425 0.5617126812500001 0.3734375 0.5841500625 0.3734375 0.6240027953125 0.37677441875 0.744534334375 0.38085494375 0.746875
0 0.36626308281250003 0.566160340625 0.3509676546875 0.5647966625 0.344397403125 0.57248869375 0.35180853125 0.5830828078125 0.3328125 0.6740660249999999 0.3328125 0.746875 0.33700446875 0.746875 0.3685363046875 0.577951940625 0.36626308281250003 0.566160340625
0 0.3422581421875 0.7453125 0.3422581421875 0.6249083 0.3414856046875 0.58068648125 0.33125 0.58307706875 0.33125 0.7091043359375 0.3316713203125 0.7453125 0.3422581421875 0.7453125
0 0.3026420015625 0.559380740625 0.275 0.7081794265625 0.275 0.7421875 0.2803851140625 0.7421875 0.313504428125 0.5588208359375 0.3026420015625 0.559380740625
0 0.2839401953125 0.7453125 0.2890625 0.7453125 0.2890625 0.5871745578125 0.283051996875 0.5376917406249999 0.2671875 0.5383514609375 0.2671875 0.5557201875 0.271132628125 0.6077835874999999 0.2839401953125 0.7453125
0 0.27251511562499997 0.74375 0.249661284375 0.5389720953125 0.245847621875 0.5313440875000001 0.2359375 0.5340903578125 0.2359375 0.555816553125 0.2586596203125 0.74375 0.27251511562499997 0.74375
0 0.2339390953125 0.7484375 0.23509737656250002 0.7484375 0.2611459375 0.7473994640624999 0.2611459375 0.6823025953124999 0.24465068125 0.5733527015625001 0.2387894046875 0.5475764296875 0.23079658281249998 0.5400640250000001 0.2 0.550538859375 0.2 0.562156034375 0.224192278125 0.709903915625 0.2339390953125 0.7484375
0 0.2107375015625 0.7453125 0.2129806625 0.74507695 0.19332561875 0.56698135625 0.1909742984375 0.56383355625 0.18395760781249998 0.56383355625 0.1796875 0.564841725 0.1796875 0.5824959265625 0.2011686609375 0.7453125 0.2107375015625 0.7453125
0 0.210960540625 0.74375 0.210960540625 0.7043644984374999 0.2010473796875 0.6619301328125 0.1791925828125 0.58526504375 0.1703125 0.5828079374999999 0.1703125 0.59237201875 0.2101991859375 0.74375 0.210960540625 0.74375
0 0.159375 0.5896017859375 0.1833249796875 0.7474031078125 0.19227696562500002 0.7484375 0.19428761875 0.7484375 0.1953125 0.74625306875 0.1953125 0.73590274375 0.1703691953125 0.5765625 0.16944608125 0.5765625 0.159375 0.5839845390625 0.159375 0.5896017859375
0 0.1140625 0.6747674124999999 0.1140625 0.7459721453125 0.115743484375 0.746418375 0.12445641562500001 0.746875 0.12480754999999999 0.746875 0.127259471875 0.7442027609374999 0.16377545625 0.5813868515625 0.1415808828125 0.56875 0.141491525 0.56875 0.1357272609375 0.5725892859374999 0.1140625 0.6747674124999999
0 0.1732907578125 0.578928315625 0.162901159375 0.571173571875 0.158011646875 0.5728613328125001 0.158011646875 0.6674496078125001 0.1546875 0.7367836171875 0.1546875 0.746875 0.171646525 0.746875 0.1732907578125 0.7404577140624999 0.1732907578125 0.578928315625
0 0.0703125 0.5913681296875 0.0778100796875 0.74083075 0.0812290609375 0.746178075 0.094527178125 0.746875 0.095620578125 0.746875 0.0871574265625 0.5387308625 0.08437236718749999 0.534375 0.0786212140625 0.534375 0.0703125 0.53519459375 0.0703125 0.5913681296875
0 0.08125628593749999 0.746875 0.08125628593749999 0.7321030281249999 0.06764585468749999 0.564537678125 0.0649728203125 0.56459989375 0.0546875 0.56671815 0.0546875 0.5850888328125 0.0687114828125 0.746875 0.08125628593749999 0.746875
0 0.062382018750000004 0.55449349375 0.05071084218750001 0.5530633765624999 0.047339068750000005 0.5575589140625 0.0375 0.675997190625 0.0375 0.74375 0.0476292796875 0.74375 0.064845834375 0.5597040890625 0.062382018750000004 0.55449349375
0 0.054261821875000005 0.5603733453124999 0.0203125 0.7362835328124999 0.0203125 0.740625 0.0293372984375 0.740625 0.0632122328125 0.5601920781249999 0.054261821875000005 0.5603733453124999
0 0.003125 0.5662826296875 0.02456254375 0.74375 0.0359760375 0.74375 0.0361008171875 0.741070925 0.01433045 0.54492370625 0.011056059375 0.540625 0.01047995625 0.540625 0.003125 0.5450054843750001 0.003125 0.5662826296875
0 0 0.7429308703124999 0.0034721640625 0.7435768671874999 0.0055931296875 0.74375 0.013001678124999999 0.74375 0.027204142187500002 0.543124203125 0.0313304609375 0.540640034375 0.0250750453125 0.5313465265625 0.0140116765625 0.534165990625 0.010926071875 0.5498512765625 0 0.7302887859375 0 0.7429308703124999
0 0 0.746875 0.004641584375 0.746875 0.004641584375 0.5672385171875 0.0023393609375 0.5611775109375 0 0.5613410953125 0 0.746875
0 0 0.70725985625 0.008880853125000001 0.7390625 0.0091278125 0.7390625 0.0091278125 0.6975881953125 0 0.6648520062500001 0 0.70725985625
0 0.5051639265625 1 0.5109375 0.8848596890625 0.5109375 0.872404315625 0.4925406921875 0.8563977062499999 0.47614801250000005 0.8563977062499999 0.4748524484375 0.8582472750000001 0.47149783125000005 1 0.5051639265625 1
0 0.471875 1 0.471875 0.8365794984375 0.4450334234375 0.8241332921875 0.4268351328125 0.8232874156250001 0.4125 0.8232874156250001 0.4125 0.8431670765625 0.4127442375 0.8501934046875 0.431486221875 0.8672768765625 0.4431233984375 1 0.471875 1
0 0.427209721875 1 0.40046714375 0.8774767609375 0.3926347171875 0.864987478125 0.3817139359375 0.8617442515625001 0.35616634999999996 0.8663530703125 0.35 0.87056585625 0.35 0.8844046796875 0.36288354218749996 0.8924493 0.3875027828125 1 0.427209721875 1
0 0.3837253640625 1 0.37708787187500004 0.8836280078125001 0.36565645468749997 0.8708940937499999 0.346875 0.8739433328124999 0.346875 0.8805928062499999 0.3474697125 0.88195225 0.3530356046875 1 0.3837253640625 1
0 0.3477834609375 1 0.355628959375 0.8776971828125 0.341692925 0.8662158171875 0.3296875 0.8674696921875 0.3296875 1 0.3477834609375 1
0 0.1612983 0.8875 0.16500556875 0.8875 0.1602142375 0.859398059375 0.266484934375 0.8439290015625 0.2664747375 0.819003790625 0.2619901015625 0.811487840625 0.1582814703125 0.82982743125 0.1531614171875 0.83405645 0.1515625 0.8416161734375001 0.1515625 0.848453475 0.15829575 0.8647227234375 0.1612983 0.8875
0 0.26518990625 0.844650184375 0.180242134375 0.8563619656250001 0.1796875 0.8574733390624999 0.1796875 0.86875 0.23488232031249998 0.86875 0.2652560265625 0.862529728125 0.26518990625 0.844650184375
0 0.1669240578125 0.9255559375000001 0.19425353437499998 0.9265625 0.289230425 0.9265625 0.289230425 0.8890029984375 0.2891159875 0.8852118328125 0.28201657812500003 0.8804854890625 0.2784477171875 0.8870905140625001 0.1845975828125 0.8892737875 0.17749817343750002 0.8845474453125 0.1760936171875 0.8764276203125 0.175988128125 0.8764300734375 0.170154703125 0.8766677656249999 0.1640625 0.8852884296875001 0.1640625 0.90192703125 0.1654705265625 0.9220627484375001 0.1669240578125 0.9255559375000001
0 0.19718430468749998 0.884375 0.279226371875 0.8766607890625 0.2803383734375 0.8649751734375 0.2737293578125 0.854154240625 0.2681958203125 0.851872784375 0.26729933125 0.851872784375 0.26458762187499996 0.8584811968749999 0.184375 0.867464275 0.184375 0.8816925890625 0.1865349578125 0.884375 0.19718430468749998 0.884375
0 0.1515625 0.9464497968749999 0.1519004328125 0.9482333656249999 0.252790778125 0.959137340625 0.2586233578125 0.959375 0.2642652796875 0.959375 0.2670015453125 0.9557094671874999 0.2690459203125 0.936246634375 0.26663937656250003 0.9311083874999999 0.237803734375 0.9251391828125 0.175560815625 0.9193249953125001 0.1642309984375 0.9149910296874999 0.160822709375 0.9046875 0.1531959203125 0.9046875 0.1515625 0.9068756515625 0.1515625 0.9464497968749999
0 0.168427846875 0.990625 0.1685126078125 0.990625 0.2671353828125 0.9817240703125 0.2703125 0.9771107421874999 0.2703125 0.9739764843749998 0.2694057140625 0.9698666093749999 0.2618922640625 0.9491014453125001 0.159375 0.9600772843750001 0.159375 0.9633557875000001 0.163904284375 0.9877987390625 0.168427846875 0.990625
0 0.2605617328125 1 0.261653253125 0.9953068359374999 0.25742153437500004 0.99047126875 0.1656978171875 0.9948032062500001 0.15952339531249998 0.9899904093749999 0.15959377187499998 0.9818476328125 0.1546875 0.9819051421874999 0.1546875 1 0.2605617328125 1
0 0.0899295390625 1 0.09258113125 0.9325642015625 0.09076171875 0.911521490625 0.0731969828125 0.9123409953125 0.06875 0.91677098125 0.06875 1 0.0899295390625 1
0 0.0660430203125 1 0.052628709375000006 0.8707437515625 0.0473074171875 0.8666200984374999 0.037573528125 0.868035471875 0.034375 0.8748532156250001 0.034375 0.904881765625 0.044261403125 1 0.0660430203125 1
0 0.036343871875 1 0.0504280984375 0.89482676875 0.044720034375 0.886453859375 0.02969989375 0.903906196875 0.0255791859375 0.920106628125 0.021875 0.9477674468749999 0.021875 1 0.036343871875 1
0 0.027546657812499997 1 0.0328125 0.9251456062500001 0.0328125 0.9201970859374999 0.027308556249999998 0.919493290625 0.019622978125000003 0.929920953125 0.015167314062500001 1 0.027546657812499997 1
0 0.8683377015625 0.5296875 0.865625 0.5567988515625 0.865625 1 0.885412409375 1 0.938683765625 0.5296875 0.8683377015625 0.5296875
0 0.8065322109374999 0.5296875 0.906634984375 1 0.949977871875 1 0.949977871875 0.8039892703125 0.8971439890624999 0.5296875 0.8065322109374999 0.5296875
0 0.6762675140625001 0.5296875 0.571875 0.807393521875 0.571875 1 0.5840820453125 1 0.7706785328125 0.5296875 0.6762675140625001 0.5296875
0 0.609169125 0.5296875 0.6531421046875 0.984256225 0.6552103859375 1 0.704354753125 1 0.704354753125 0.5296875 0.609169125 0.5296875
0 0.538646896875 0.5296875 0.5511511 0.6156742421875 0.598287984375 0.990625 0.5984375 0.990625 0.5984375 0.5296875 0.538646896875 0.5296875