0 0.31640625 0.09765625 0.3095703125 0 0.220703125 0.0013020828125 0.2275390625 0.1145833328125 0.3125 0.1158854171875 0.31640625 0.09765625
0 0.390625 0.11328125 0.38671875 0.0013020828125 0.3154296875 0 0.318359375 0.11328125 0.36328125 0.1158854171875 0.390625 0.11328125
0 0.45703125 0.11328125 0.455078125 0.00390625 0.3955078125 0 0.396484375 0.11328125 0.451171875 0.1158854171875 0.45703125 0.11328125
0 0.4599609375 0 0.4609375 0.1158854171875 0.5078125 0.1158854171875 0.505859375 0.0013020828125 0.4599609375 0
0 0.5087890625 0 0.5078125 0.11328125 0.55078125 0.1158854171875 0.55078125 0.0013020828125 0.5087890625 0
0 0.609375 0.0013020828125 0.5634765625 0 0.560546875 0.1106770828125 0.5654296875 0.1171875 0.609375 0.1158854171875 0.609375 0.0013020828125
0 0.6142578125 0 0.611328125 0.11328125 0.650390625 0.1158854171875 0.65234375 0.0013020828125 0.6142578125 0
0 0.6669921875 0 0.67578125 0.1158854171875 0.689453125 0.1158854171875 0.677734375 0.006510417187500001 0.6669921875 0
0 0.6767578125 0 0.6875 0.11328125 0.705078125 0.1158854171875 0.697265625 0.009114582812499999 0.6943359375 0 0.6767578125 0
0 0.7158203125 0 0.7109375 0.11328125 0.74609375 0.1158854171875 0.751953125 0.0013020828125 0.7158203125 0
0 0.8759765625 0 0.861328125 0.0013020828125 0.859375 0.0247395828125 0.85546875 0.11328125 0.869140625 0.1158854171875 0.8759765625 0
0 0.958984375 0.11328125 0.9619140625 0 0.888671875 0.0013020828125 0.884765625 0.11328125 0.892578125 0.1158854171875 0.958984375 0.11328125
0 1 0.0013020828125 0.9658203125 0 0.9609375 0.1080729171875 0.9658203125 0.1145833328125 1 0.11328125 1 0.0013020828125
0 0 0.55859375 0.01171875 0.7565104171875 0.01953125 0.7591145828125 0.0498046875 0.7552083328125 0.068359375 0.7356770828125 0.056640625 0.3815104171875 0.0546875 0.3450520828125 0.0498046875 0.3411458328125 0 0.3450520828125 0 0.55859375
0 0.197265625 0.38671875 0.1953125 0.3372395828125 0.1845703125 0.328125 0.0615234375 0.3151041671875 0.0546875 0.33984375 0.072265625 0.75390625 0.0771484375 0.7604166671875 0.109375 0.7591145828125 0.1240234375 0.7526041671875 0.154296875 0.7174479171875 0.15625 0.70703125 0.14453125 0.40234375 0.1923828125 0.3958333328125 0.197265625 0.38671875
0 0.173828125 0.73828125 0.228515625 0.73046875 0.2177734375 0.4010416671875 0.14453125 0.4049479171875 0.158203125 0.7252604171875 0.1630859375 0.7395833328125 0.173828125 0.73828125
0 0.248046875 0.7356770828125 0.240234375 0.4075520828125 0.2255859375 0.4010416671875 0.22265625 0.47265625 0.23046875 0.7122395828125 0.232421875 0.73046875 0.248046875 0.7356770828125
0 0.259765625 0.7408854171875 0.275390625 0.7356770828125 0.26171875 0.3684895828125 0.2412109375 0.3671875 0.25 0.71484375 0.251953125 0.73828125 0.259765625 0.7408854171875
0 0.279296875 0.73046875 0.2822265625 0.7369791671875 0.294921875 0.7356770828125 0.32421875 0.73046875 0.32421875 0.4440104171875 0.3203125 0.3971354171875 0.3134765625 0.390625 0.2734375 0.39453125 0.279296875 0.73046875
0 0.326171875 0.73046875 0.337890625 0.7330729171875 0.33984375 0.4205729171875 0.353515625 0.4075520828125 0.3525390625 0.3984375 0.3291015625 0.3984375 0.32421875 0.4075520828125 0.326171875 0.73046875
0 0.33984375 0.4205729171875 0.337890625 0.7330729171875 0.3427734375 0.7421875 0.359375 0.7408854171875 0.365234375 0.73828125 0.3671875 0.70703125 0.369140625 0.46484375 0.3671875 0.41796875 0.3466796875 0.4140625 0.33984375 0.4205729171875
0 0.369140625 0.7330729171875 0.38671875 0.7356770828125 0.404296875 0.7278645828125 0.40625 0.70703125 0.408203125 0.4049479171875 0.4013671875 0.3984375 0.369140625 0.40234375 0.369140625 0.7330729171875
0 0.4150390625 0.734375 0.431640625 0.7356770828125 0.455078125 0.7278645828125 0.455078125 0.40234375 0.4501953125 0.3984375 0.41015625 0.40234375 0.412109375 0.7200520828125 0.4150390625 0.734375
0 0.498046875 0.3971354171875 0.4658203125 0.3932291671875 0.470703125 0.49609375 0.46875 0.7278645828125 0.49609375 0.73046875 0.498046875 0.3971354171875
0 0.4560546875 0.4114583328125 0.455078125 0.73046875 0.466796875 0.7330729171875 0.46875 0.41796875 0.4560546875 0.4114583328125
0 0.5 0.7278645828125 0.509765625 0.73046875 0.525390625 0.7278645828125 0.52734375 0.6966145828125 0.5263671875 0.390625 0.5 0.39453125 0.498046875 0.6888020828125 0.5 0.7278645828125
0 0.55078125 0.4283854171875 0.5341796875 0.4270833328125 0.529296875 0.44140625 0.52734375 0.7174479171875 0.54296875 0.7174479171875 0.55078125 0.4283854171875
0 0.572265625 0.7252604171875 0.58203125 0.40234375 0.5576171875 0.3984375 0.552734375 0.4049479171875 0.544921875 0.7018229171875 0.5498046875 0.7265625 0.572265625 0.7252604171875
0 0.57421875 0.7252604171875 0.58984375 0.7252604171875 0.603515625 0.4466145828125 0.603515625 0.3997395828125 0.5986328125 0.3958333328125 0.583984375 0.3971354171875 0.57421875 0.6575520828125 0.57421875 0.7252604171875
0 0.603515625 0.3919270828125 0.591796875 0.7252604171875 0.619140625 0.7278645828125 0.626953125 0.7252604171875 0.62890625 0.70703125 0.64453125 0.4205729171875 0.64453125 0.3919270828125 0.6396484375 0.3880208328125 0.603515625 0.3919270828125
0 0.625 0.3763020828125 0.646484375 0.3893229171875 0.62890625 0.7252604171875 0.66015625 0.7278645828125 0.66796875 0.7174479171875 0.689453125 0.38671875 0.689453125 0.3684895828125 0.6728515625 0.3645833328125 0.6474609375 0.3645833328125 0.625 0.3763020828125
0 0.6640625 0.3528645828125 0.6669921875 0.3619791671875 0.689453125 0.3658854171875 0.673828125 0.68359375 0.7119140625 0.7317708328125 0.73828125 0.73828125 0.7587890625 0.7369791671875 0.765625 0.7252604171875 0.775390625 0.3502604171875 0.7705078125 0.34375 0.6728515625 0.3489583328125 0.6640625 0.3528645828125
0 0.7763671875 0.7265625 0.818359375 0.7252604171875 0.82421875 0.7200520828125 0.826171875 0.6861979171875 0.833984375 0.3684895828125 0.7802734375 0.3645833328125 0.76953125 0.70703125 0.7763671875 0.7265625
0 0.83984375 0.72265625 0.845703125 0.7200520828125 0.84765625 0.6966145828125 0.8544921875 0.3932291671875 0.833984375 0.3971354171875 0.826171875 0.7174479171875 0.83984375 0.72265625
0 0.84765625 0.7200520828125 0.8671875 0.7200520828125 0.87890625 0.4231770828125 0.87890625 0.39453125 0.8740234375 0.390625 0.857421875 0.39453125 0.84765625 0.63671875 0.84765625 0.7200520828125
0 0.869140625 0.7200520828125 0.88671875 0.72265625 0.900390625 0.4830729171875 0.90234375 0.3971354171875 0.8974609375 0.390625 0.87890625 0.39453125 0.87109375 0.5924479171875 0.869140625 0.7200520828125
0 0.90234375 0.38671875 0.890625 0.7174479171875 0.908203125 0.7200520828125 0.9228515625 0.3828125 0.90234375 0.38671875
0 0.990234375 0.3971354171875 0.9267578125 0.390625 0.912109375 0.70703125 0.9287109375 0.7213541671875 0.974609375 0.7200520828125 0.990234375 0.3971354171875
0 0.5771484375 0.8697916671874999 0.576171875 0.99609375 0.625 0.9986979171874999 0.623046875 0.8763020828125001 0.5771484375 0.8697916671874999
0 0.689453125 0.9153645828125001 0.677734375 0.8736979171874999 0.6259765625 0.8723958328125001 0.626953125 0.99609375 0.685546875 0.9986979171874999 0.689453125 0.9153645828125001
0 0.689453125 0.91015625 0.6875 0.9934895828125001 0.6943359375 1 0.74609375 0.9986979171874999 0.75390625 0.99609375 0.75390625 0.9049479171874999 0.740234375 0.8736979171874999 0.7353515625 0.8671875 0.6806640625 0.8697916671874999 0.689453125 0.91015625
0 0.79296875 0.9986979171874999 0.79296875 0.8997395828125001 0.7724609375 0.8645833328125001 0.7392578125 0.8671875 0.75390625 0.90234375 0.75390625 0.99609375 0.79296875 0.9986979171874999
0 0.796875 0.90234375 0.798828125 0.99609375 0.876953125 0.9986979171874999 0.8828125 0.9908854171874999 0.88671875 0.8684895828125001 0.8818359375 0.8619791671874999 0.7939453125 0.8645833328125001 0.7890625 0.8815104171874999 0.796875 0.90234375
0 0.8857421875 0.9973958328125001 0.994140625 0.9986979171874999 1 0.99609375 0.9990234375 0.8828125 0.9736328125 0.859375 0.8916015625 0.8619791671874999 0.88671875 0.8684895828125001 0.8857421875 0.9973958328125001
0 0.5419921875 0.9296875 0.541015625 0.98828125 0.546875 0.98828125 0.548828125 0.93359375 0.5419921875 0.9296875
0 0.4326171875 0.8776041671874999 0.435546875 0.99609375 0.50390625 0.9986979171874999 0.505859375 0.87890625 0.4326171875 0.8776041671874999
0 0.4111328125 0.8776041671874999 0.4140625 0.99609375 0.43359375 0.9986979171874999 0.4296875 0.8815104171874999 0.4111328125 0.8776041671874999
0 0.349609375 0.9986979171874999 0.376953125 0.9986979171874999 0.37890625 0.9231770828125001 0.390625 0.8815104171874999 0.3681640625 0.8776041671874999 0.357421875 0.8815104171874999 0.349609375 0.9127604171874999 0.349609375 0.9986979171874999
0 0.34375 0.9986979171874999 0.345703125 0.9361979171874999 0.35546875 0.88671875 0.3369140625 0.8776041671874999 0.314453125 0.9231770828125001 0.314453125 0.99609375 0.34375 0.9986979171874999
0 0.28515625 0.99609375 0.30859375 0.9986979171874999 0.314453125 0.91796875 0.326171875 0.88671875 0.3212890625 0.8776041671874999 0.2939453125 0.8828125 0.28515625 0.9075520828125001 0.28515625 0.99609375
0 0.283203125 0.9986979171874999 0.28515625 0.9049479171874999 0.2919921875 0.8802083328125001 0.2763671875 0.8802083328125001 0.26171875 0.9127604171874999 0.26171875 0.99609375 0.283203125 0.9986979171874999
0 0.232421875 0.9986979171874999 0.259765625 0.9986979171874999 0.26171875 0.9127604171874999 0.271484375 0.8893229171874999 0.2685546875 0.8802083328125001 0.25 0.8919270828125001 0.23046875 0.9388020828125001 0.232421875 0.9986979171874999
0 0.21875 0.9986979171874999 0.220703125 0.9309895828125001 0.244140625 0.8841145828125001 0.1826171875 0.8828125 0.15625 0.9309895828125001 0.16015625 0.99609375 0.21875 0.9986979171874999
0 0.15625 0.9283854171874999 0.1748046875 0.8854166671874999 0.13671875 0.94140625 0.138671875 0.9986979171874999 0.158203125 0.9986979171874999 0.15625 0.9283854171874999
0 0.123046875 0.9986979171874999 0.138671875 0.9986979171874999 0.13671875 0.94140625 0.1640625 0.89453125 0.1650390625 0.8828125 0.1455078125 0.8854166671874999 0.12109375 0.9231770828125001 0.123046875 0.9986979171874999
0 0.109375 0.91015625 0.1103515625 0.9166666671874999 0.123046875 0.9153645828125001 0.1240234375 0.9036458328125001 0.109375 0.91015625
0 0.119140625 0.9986979171874999 0.1181640625 0.9166666671874999 0.09765625 0.92578125 0.091796875 0.9361979171874999 0.091796875 0.9622395828125001 0.095703125 0.9986979171874999 0.119140625 0.9986979171874999
0 0.05859375 0.99609375 0.091796875 0.9986979171874999 0.091796875 0.9309895828125001 0.119140625 0.8919270828125001 0.1142578125 0.8854166671874999 0.0927734375 0.8854166671874999 0.056640625 0.9361979171874999 0.05859375 0.99609375
0 0.056640625 0.9986979171874999 0.056640625 0.93359375 0.0888671875 0.8854166671874999 0.0634765625 0.8854166671874999 0.0234375 0.93359375 0.025390625 0.99609375 0.056640625 0.9986979171874999