0 0.013691046874999998 0 0.0348378640625 0.25913837968750003 0.0381458625 0.259375 0.054488800000000004 0.259375 0.059375 0.25673660468750004 0.059375 0.092613653125 0.05241934375 0 0.013691046874999998 0
0 0.056846467187500006 0 0.05148630625 0.0418157265625 0.05148630625 0.259375 0.05460182031250001 0.259375 0.06720628749999999 0.2566175953125 0.1016972890625 0 0.056846467187500006 0
0 0.0925694640625 0 0.0992981453125 0.027878999999999998 0.14016690781250002 0.25 0.1671875 0.25 0.1671875 0.246769421875 0.1211386703125 0 0.0925694640625 0
0 0.08939040000000001 0 0.1277064546875 0.25767378750000003 0.1291428015625 0.2578125 0.1328125 0.2578125 0.1328125 0.21160621562499998 0.10201942187499999 0 0.08939040000000001 0
0 0.145265025 0 0.1390625 0.07557061875 0.1390625 0.2546875 0.1433460921875 0.2546875 0.15197047187499998 0.2529639703125 0.1562828046875 0.221588415625 0.17230635 0 0.145265025 0
0 0.162848465625 0 0.2109375 0.22946829218749998 0.2109375 0.14449018281249998 0.1836021484375 0 0.162848465625 0
0 0.21006187812500002 0 0.1896955609375 0.22577469687499999 0.1928925765625 0.25 0.2155258 0.25 0.239060071875 0 0.21006187812500002 0
0 0.2007842421875 0 0.2254508515625 0.181029778125 0.23654571875000002 0.24375 0.24229244374999998 0.24375 0.2515625 0.24079215625 0.2515625 0.23460518281249998 0.2224891328125 0 0.2007842421875 0
0 0.256224359375 0 0.2371549859375 0.24918647656249998 0.24902179531250002 0.2515625 0.27249243125 0.2515625 0.274991765625 0.2349274703125 0.297608675 0 0.256224359375 0
0 0.2943186140625 0 0.3134014546875 0.2515625 0.328125 0.2515625 0.328125 0 0.2943186140625 0
0 0.3274015140625 0 0.333094628125 0.2150965078125 0.3747126 0.2624255765625 0.37505037343750003 0.2625 0.42386672187499996 0.2625 0.425 0.2602285828125 0.425 0.19854293750000002 0.41516772343749997 0 0.3274015140625 0
0 0.419031603125 0 0.4656619703125 0.2396281546875 0.473572325 0.253125 0.4953125 0.253125 0.4953125 0.10968922656249999 0.4732292328125 0 0.419031603125 0
0 0.496164459375 0 0.4542049875 0.23925854375000002 0.4632754546875 0.2453125 0.47350451875 0.2453125 0.478492209375 0.2244948546875 0.5174153609375 0 0.496164459375 0
0 0.4882360890625 0 0.4883058734375 0.1643721796875 0.491488228125 0.2421875 0.5109375 0.2421875 0.5109375 0 0.4882360890625 0
0 0.2703125 0.4390625 0.2703125 0.4030714578125 0.2252769984375 0.396403578125 0.22420271718749998 0.4390625 0.2703125 0.4390625
0 0.3375 0.4390625 0.3375 0.42704620625 0.3319412578125 0.40283196875 0.2801520234375 0.39612583125 0.278480709375 0.4390625 0.3375 0.4390625
0 0.395104740625 0.4390625 0.3942896078125 0.42750013593749997 0.37843252031249996 0.3982488703125 0.37309445625 0.3924145625 0.3187353375 0.4019528109375 0.3187353375 0.402468725 0.32965429375 0.4390625 0.395104740625 0.4390625
0 0.440625 0.4390625 0.440625 0.4240213 0.41868144375 0.3904391734375 0.41409434375 0.3904391734375 0.38529223749999997 0.3940548703125 0.401770575 0.42850610156249996 0.40232375625000005 0.4390625 0.440625 0.4390625
0 0.51875 0.4390625 0.51875 0.38249174531249996 0.492398946875 0.38249174531249996 0.43314523125 0.3952766640625 0.4300135796875 0.4102010734375 0.4300135796875 0.41403036406249993 0.43870520312499994 0.43196395625 0.4393599984375 0.4390625 0.51875 0.4390625
0 0.15617177499999998 0.4390625 0.159375 0.4222762515625 0.159375 0.406390965625 0.098194684375 0.39839884375 0.0902775515625 0.39839884375 0.08419843437499999 0.4390625 0.15617177499999998 0.4390625
0 0.07470953125 0.4390625 0.06993078281250001 0.40631390156249997 0.0510571484375 0.405357753125 0.05567574374999999 0.4390625 0.07470953125 0.4390625
0 0.0361542453125 0.4390625 0.0484375 0.4190461265625 0.0484375 0.4159237125 0.029395909375 0.4069168796875 0.017986196875 0.40784373125 0.0018528453125 0.43592305781249996 0.0009552531249999999 0.4390625 0.0361542453125 0.4390625
0 0.51875 0 0.51875 0.3240655109375 0.548323559375 0.434375 0.6453125 0.434375 0.6453125 0.3595310671875 0.5582022531249999 0 0.51875 0
0 0.570299634375 0 0.6882354265625 0.4390625 0.775 0.4390625 0.775 0.2861285765625 0.70501048125 0 0.570299634375 0
0 0.7592997640625001 0 0.6832708999999999 0.40508008125000006 0.761826878125 0.43125 0.76754543125 0.43125 0.7944222671875 0.41931316093750004 0.8838262531249998 0 0.7592997640625001 0
0 0.851267303125 0 0.8811997093749999 0.342926434375 0.890453025 0.434375 0.8920839125000001 0.434375 0.9328125 0.4323821109375 0.9328125 0 0.851267303125 0
0 0.51875 0.4390625 0.15646736249999998 0.4390625 0.1461770828125 0.45110291093750005 0.1752780796875 0.5817116578125 0.1866347671875 0.5921875 0.2249151765625 0.5921875 0.51875 0.55174633125 0.51875 0.4390625
0 0.51875 0.5258635734375 0.0894749078125 0.5977375031250001 0.085130178125 0.615821028125 0.11201675156249999 0.7308835124999999 0.11793883593750001 0.734375 0.151027653125 0.734375 0.51875 0.6781372640625 0.51875 0.5258635734375
0 0.51875 0.6876923328125001 0.1866828171875 0.6202755875 0.186604509375 0.6202755875 0.17121220625 0.6934356656249999 0.1794445703125 0.7084218953125 0.51875 0.77495075625 0.51875 0.6876923328125001
0 0.51875 0.7609375 0.469452009375 0.7609375 0.16607388437499998 0.7924520515625 0.141295209375 0.7989825609375 0.139983846875 0.8123514999999999 0.16034488125 0.9703125 0.163656040625 0.9703125 0.51875 0.9332828203125001 0.51875 0.7609375
0 0.7551214125 1 0.51875 0.5285896937500001 0.51875 0.8077188296875001 0.62520385625 1 0.7551214125 1
0 0.6375477375 0.4390625 0.6665398 1 0.771875 1 0.771875 0.8613461874999999 0.7650608734375 0.4645495046875 0.76794065 0.4390625 0.6375477375 0.4390625
0 0.9125 1 0.9125 0.9661755812500001 0.7660724765625 0.461745534375 0.7561372796875 0.45946380781249996 0.74392566875 0.45946380781249996 0.677335940625 0.5083056765625 0.8380493796875002 1 0.9125 1
0 0.9474317078125001 1 0.820101378125 0.6404820421874999 0.8069673375 0.6281075281249999 0.7775655374999999 0.6514622203125 0.77678210625 0.6634881453125001 0.89582623125 1 0.9474317078125001 1
0 1 1 1 0.4390625 0.9064692046874999 0.4390625 0.89199345 0.5977776171875 0.89199345 0.8593519093750001 0.9146885171875001 0.950478 0.9130972421875001 0.9817631406250001 0.9190542296875 1 1 1