0 0.4408483859375 0.3750064140625 0.4685157578125 0.376696053125 0.4731909265625 0.3586056734375 0.4804755328125 0.098055478125 0.47829885625 0.0712200828125 0.464125740625 0.06875 0.4426087234375 0.06875 0.43125 0.29921499375 0.43125 0.3623114953125 0.4408483859375 0.3750064140625
0 0.31079544062500003 0.4796875 0.341009159375 0.380699084375 0.344597628125 0.12467357500000001 0.30406986406250003 0.0675954796875 0.2886254578125 0.065625 0.23249571093750002 0.065625 0.2234375 0.47538269375000003 0.2234375 0.4796875 0.31079544062500003 0.4796875
0 0.21527822031250002 0.4796875 0.24867276249999998 0.0795314046875 0.1978075734375 0.065625 0.168592178125 0.065625 0.13330683906250002 0.4796875 0.21527822031250002 0.4796875
0 0.12955383125 0.4796875 0.1979483921875 0.087641128125 0.143199371875 0.0703125 0.109521609375 0.0703125 0.1057146609375 0.07586513125 0.038968 0.4796875 0.12955383125 0.4796875
0 0 0.4796875 0.04147665 0.4796875 0.055029396875000004 0.0811119109375 0.0329994640625 0.0677121859375 0.0118360015625 0.065625 0 0.065625 0 0.4796875
0 0.41875619375 0.4796875 0.4370440015625 0.3783193625 0.42643254218750004 0.36792902656250004 0.42738461718750004 0.353486215625 0.4627872671875 0.16918340468749998 0.4627872671875 0.0662315234375 0.45544257187500004 0.065625 0.448677334375 0.065625 0.43905010000000005 0.072032765625 0.35849374843750004 0.4796875 0.41875619375 0.4796875
0 1 0 0.9774840609375 0 0.9390625 0.29533896875 0.9390625 0.350317115625 0.9518628796874999 0.3649200578125 1 0.37609223593749996 1 0
0 0.8743476828125001 0 0.834413228125 0.17651534062500002 0.8015625 0.3371298484375 0.8015625 0.34638163906249997 0.8098322609374999 0.35759418906249996 0.8788371406250001 0.37612501875 0.8997082796875 0.3791528234375 0.9043802328125 0.3753270578125 0.967354734375 0.103539784375 0.9892246734375 0 0.8743476828125001 0
0 0.7575796593749999 0 0.7262377718749999 0.2806368734375 0.721875 0.34319905781250004 0.721875 0.3745408 0.723597240625 0.376974303125 0.733946940625 0.3799464859375 0.7950601140625 0.3859735984375 0.8031391593749999 0.3859735984375 0.8137498375 0.3809866671875 0.8166759062500001 0.3734693578125 0.85730585625 0 0.7575796593749999 0
0 0.65625 0 0.65625 0.2036648703125 0.6742135593749999 0.3717903734375 0.6771990406249999 0.387389965625 0.6845315765625 0.3917342625 0.7664461031250001 0.384942884375 0.78140565625 0.3747886125 0.7932485578125 0.3143800625 0.7682510578125 0.08865029218750001 0.7559521296875 0 0.65625 0
0 0.565533803125 1 0.4757679203125 0.615625 0.4328125 0.615625 0.4328125 0.9468400875 0.44462231875 1 0.565533803125 1
0 0.45103409375 1 0.464701825 0.6404461875 0.458382290625 0.63282885 0.4454018125 0.6292267125000001 0.424520015625 0.6265625 0.3656407796875 0.6265625 0.3475020546875 1 0.45103409375 1
0 0.34903595468750004 1 0.3869026625 0.6433978421875001 0.3761500140625 0.6304814046875 0.330174403125 0.61875 0.2852111328125 0.61875 0.28247859218750004 0.6280403999999999 0.23408921718750003 1 0.34903595468750004 1
0 0.24215365156250002 1 0.317761003125 0.6420489 0.3121614109375 0.635759290625 0.289706534375 0.6264158765625 0.2500556328125 0.615625 0.21713111875000002 0.615625 0.2098532703125 0.6319935640625001 0.1265962796875 1 0.24215365156250002 1
0 0.1148762828125 1 0.12118552656249999 0.9420056109375 0.13926426875 0.7564472984374999 0.14452320624999998 0.6281688203125 0.13567638437500001 0.620466175 0.08687041250000001 0.6140625 0.070905065625 0.6140625 0.0585605109375 0.617739521875 0.0549173140625 0.6427493531249999 0.015019101562500001 1 0.1148762828125 1
0 1 0.4796875 0.9397606187499999 0.4796875 0.9110471875 0.7637235875 0.9102913031250001 0.9232382874999999 0.9078125 0.955660721875 0.9078125 1 0.9761937609375 1 1 0.775529796875 1 0.4796875
0 0.8419696453124998 0.4796875 0.8046875 0.9537976578125 0.8046875 1 0.8823314265625001 1 0.8871569421875 0.9457405062500002 0.9249492296875002 0.4796875 0.8419696453124998 0.4796875
0 0.7991310875 0.4796875 0.791090903125 0.54350790625 0.7265625 0.9283995781249998 0.7265625 0.9573374078124999 0.770947896875 0.9679841687499999 0.7837418609375 0.9577755 0.8611964234375 0.4796875 0.7991310875 0.4796875
0 0.7004893890625 0.4796875 0.6859375 0.9374638828125 0.6859375 1 0.7539155078124999 1 0.755302671875 0.9895011515625001 0.7527632484375 0.9077663484375 0.764612025 0.4796875 0.7004893890625 0.4796875
0 0.609375 0.4796875 0.609375 0.5762535546875001 0.6924000171875 1 0.7841821203125 1 0.7664990984375 0.9076035499999999 0.678902903125 0.4796875 0.609375 0.4796875
0 0.609375 0.4796875 0.609375 0.9731325765625 0.6334982703125001 0.9732927171875 0.6640158328125 0.9732927171875 0.6825676390625001 0.9547439875 0.6825676390625001 0.9460438812499999 0.6471656859375 0.4796875 0.609375 0.4796875