0 0.2010487515625 0.3296875 0.11999587656249999 0.1484375 0.115233396875 0.1484375 0.10601141562500001 0.1517821234375 0.10601141562500001 0.21096003125 0.156326215625 0.3296875 0.2010487515625 0.3296875
0 0.3811980015625 0.3296875 0.35291394375 0.1421875 0.301190809375 0.1421875 0.2813037625 0.14510470625 0.265527271875 0.17237928281249998 0.265527271875 0.32588439999999996 0.2660699265625 0.3296875 0.3811980015625 0.3296875
0 0.4613440546875 0.3296875 0.44476373750000003 0.144637009375 0.443411534375 0.14375 0.4042351296875 0.14375 0.3967631015625 0.1446261984375 0.3967631015625 0.3296875 0.4613440546875 0.3296875
0 0.5357154109375 0.3296875 0.50594541875 0.16275266093750002 0.4990442640625 0.1516310375 0.482921334375 0.1484375 0.47727474531249997 0.1484375 0.459182609375 0.15035427968749998 0.459182609375 0.3296875 0.5357154109375 0.3296875
0 0.63612775 0.3296875 0.5928277015625001 0.1469648734375 0.5833350687500001 0.1453125 0.575975 0.1453125 0.5375730562500001 0.15355117499999998 0.5184947796875 0.1692336109375 0.5569729984375 0.3296875 0.63612775 0.3296875
0 0.2357915265625 0.3296875 0.1469143953125 0.1515625 0.1341156015625 0.1515625 0.1341156015625 0.2352601203125 0.13551974218750001 0.2397169828125 0.1474740234375 0.24971487812499998 0.1868215671875 0.3296875 0.2357915265625 0.3296875
0 1 0.2933147859375 0.9236328125 0.292578125 0.91875 0.3072265625 0.920703125 0.3267578125 1 0.327522734375 1 0.2933147859375
0 1 0.222265625 0.9041015625 0.222265625 0.9041015625 0.25546875 1 0.25546875 1 0.222265625
0 1 0.179296875 0.9255859375 0.179296875 0.91484375 0.1822265625 0.91484375 0.2193359375 1 0.2201573796875 1 0.179296875
0 1 0.1421875 0.9392578125 0.1421875 0.9265625 0.1470703125 0.9294921875 0.179296875 1 0.179296875 1 0.1421875
0 0.9024242609375 0.3296875 0.86015625 0.1451171875 0.8455078125 0.1421875 0.8142578125 0.151953125 0.815234375 0.1724609375 0.852294921875 0.3296875 0.9024242609375 0.3296875
0 0 0.774283853125 0.0044921875 0.784765625 0.0201171875 0.784765625 0.025 0.7766276046875 0.015234375 0.7668619796875 0.01328125 0.6008463546874999 0 0.6008463546874999 0 0.774283853125
0 0.026953125 0.7668619796875 0.02890625 0.7473307296875 0.02890625 0.6008463546874999 0.015234375 0.6008463546874999 0.0162109375 0.7684895828125 0.026953125 0.7668619796875
0 0.058203125 0.6008463546874999 0.0591796875 0.7912760421875 0.069921875 0.7896484375 0.069921875 0.6008463546874999 0.058203125 0.6008463546874999
0 0.0728515625 0.8108072921874999 0.09140625 0.8091796875 0.09140625 0.6008463546874999 0.071875 0.6008463546874999 0.069921875 0.7082682296874999 0.0728515625 0.8108072921874999
0 0.0943359375 0.8173177078125 0.10703125 0.8156901046874999 0.105078125 0.6008463546874999 0.09140625 0.6008463546874999 0.09140625 0.8091796875 0.0943359375 0.8173177078125
0 0.1099609375 0.59921875 0.10703125 0.6041015625 0.10703125 0.7733723953125 0.108984375 0.7994140625 0.1158203125 0.8075520828125 0.15 0.7994140625 0.148046875 0.6399088546874999 0.144140625 0.6008463546874999 0.1099609375 0.59921875
0 0.1529296875 0.784765625 0.165625 0.7831380203125 0.159765625 0.6008463546874999 0.148046875 0.6008463546874999 0.15 0.7798828125 0.1529296875 0.784765625
0 0.165625 0.7636067703125 0.1763671875 0.7684895828125 0.171484375 0.6008463546874999 0.16171875 0.6008463546874999 0.16171875 0.6854817703125 0.165625 0.7636067703125
0 0.1783203125 0.7717447921875 0.191015625 0.7636067703125 0.18515625 0.6008463546874999 0.1744140625 0.59921875 0.171484375 0.6041015625 0.1783203125 0.7717447921875
0 0.233984375 0.7733723953125 0.233984375 0.6008463546874999 0.2095703125 0.59921875 0.206640625 0.6041015625 0.2046875 0.7701171875 0.2291015625 0.7782552078125 0.233984375 0.7733723953125
0 0.20859375 0.6008463546874999 0.1919921875 0.59921875 0.1890625 0.6106119796874999 0.1890625 0.7701171875 0.1998046875 0.7782552078125 0.2046875 0.7766276046875 0.2046875 0.6822265625 0.20859375 0.6008463546874999
0 0.2828125 0.6073567703125 0.27890625 0.6008463546874999 0.265234375 0.6008463546874999 0.265234375 0.8091796875 0.2681640625 0.8140625 0.284765625 0.8124348953125 0.2828125 0.6073567703125
0 0.2828125 0.6008463546874999 0.2837890625 0.784765625 0.2984375 0.7831380203125 0.296484375 0.6008463546874999 0.2828125 0.6008463546874999
0 0.316015625 0.7896484375 0.3140625 0.6008463546874999 0.2984375 0.6008463546874999 0.2984375 0.7896484375 0.3013671875 0.79453125 0.3130859375 0.79453125 0.316015625 0.7896484375
0 0.316015625 0.6008463546874999 0.3169921875 0.7912760421875 0.32578125 0.7896484375 0.32578125 0.6008463546874999 0.316015625 0.6008463546874999
0 0.3306640625 0.8075520828125 0.34140625 0.8026692703125 0.339453125 0.6008463546874999 0.327734375 0.6008463546874999 0.327734375 0.8026692703125 0.3306640625 0.8075520828125
0 0.355078125 0.6008463546874999 0.34140625 0.6008463546874999 0.34140625 0.8059244796874999 0.3375 0.8091796875 0.3443359375 0.8173177078125 0.355078125 0.8124348953125 0.35703125 0.7961588546875 0.355078125 0.6008463546874999
0 0.36875 0.7798828125 0.366796875 0.6008463546874999 0.35703125 0.6008463546874999 0.35703125 0.7798828125 0.3599609375 0.7880208328125 0.3658203125 0.7880208328125 0.36875 0.7798828125
0 0.3736328125 0.784765625 0.38046875 0.7733723953125 0.378515625 0.6008463546874999 0.366796875 0.6008463546874999 0.36875 0.7798828125 0.3736328125 0.784765625
0 0.3794921875 0.7912760421875 0.390234375 0.7896484375 0.386328125 0.6008463546874999 0.3765625 0.6008463546874999 0.3765625 0.7863932296875 0.3794921875 0.7912760421875
0 0.4078125 0.6008463546874999 0.38828125 0.6008463546874999 0.390234375 0.7896484375 0.382421875 0.7929036453125 0.382421875 0.8091796875 0.3892578125 0.8173177078125 0.41171875 0.8156901046874999 0.4078125 0.6008463546874999
0 0.43125 0.7766276046875 0.425390625 0.6008463546874999 0.409765625 0.6008463546874999 0.41171875 0.7831380203125 0.4146484375 0.7880208328125 0.4263671875 0.7880208328125 0.43125 0.7766276046875
0 0.446875 0.7798828125 0.444921875 0.6008463546874999 0.42734375 0.6008463546874999 0.429296875 0.7668619796875 0.4322265625 0.7782552078125 0.4419921875 0.7815104171875 0.446875 0.7798828125
0 0 0.3296875 0 0.47094183906250003 0.0142578125 0.48203125 0.02890625 0.48040364531249996 0.027556553125 0.3296875 0 0.3296875
0 0.0923828125 0.49830729218750003 0.0875 0.5227213546875 0.0904296875 0.530859375 0.1958984375 0.530859375 0.2017578125 0.5276041671875 0.206640625 0.5162109375 0.202734375 0.4966796875 0.2046875 0.4673828125 0.20078125 0.4673828125 0.1998046875 0.5015625 0.0923828125 0.49830729218750003
0 0.1763671875 0.48203125 0.1265625 0.48040364531249996 0.0923828125 0.48203125 0.09140625 0.49993489531249996 0.1763671875 0.5015625 0.179296875 0.4966796875 0.1763671875 0.48203125
0 0.1744140625 0.4625 0.18125 0.4673828125 0.1822265625 0.47552083281249996 0.1880859375 0.47552083281249996 0.196875 0.46412760468750003 0.196875 0.43483072968750003 0.1939453125 0.42669270781249996 0.112890625 0.42180989531249996 0.0708984375 0.42018229218750003 0.069921875 0.46412760468750003 0.0767578125 0.46901041718750003 0.0806640625 0.4625 0.1744140625 0.4625
0 0.0806640625 0.4625 0.077734375 0.47389322968750003 0.0826171875 0.48528645781249996 0.0884765625 0.48854166718750003 0.0923828125 0.48203125 0.1763671875 0.48203125 0.17734375 0.47063802031249996 0.1734375 0.46412760468750003 0.0806640625 0.4625
0 0.1197265625 0.4234375 0.1822265625 0.4234375 0.1939453125 0.42669270781249996 0.1998046875 0.43971354218750003 0.2037109375 0.43971354218750003 0.20859375 0.43157552031249996 0.20859375 0.41204427031249996 0.202734375 0.3925130203125 0.0904296875 0.3908854171875 0.0875 0.3957682296875 0.0875 0.41529947968750003 0.0904296875 0.42018229218750003 0.1197265625 0.4234375
0 0.194921875 0.3599609375 0.0943359375 0.3583333328125 0.089453125 0.3632161453125 0.089453125 0.3697265625 0.0923828125 0.3908854171875 0.1978515625 0.3908854171875 0.198828125 0.3632161453125 0.194921875 0.3599609375
0 0.098173253125 0.3296875 0.0953125 0.3567057296875 0.1001953125 0.3615885421875 0.1919921875 0.3583333328125 0.198828125 0.3632161453125 0.1998046875 0.3713541671875 0.2056640625 0.3713541671875 0.2046875 0.3306640625 0.1408203328125 0.3296875 0.098173253125 0.3296875
0 0.264117696875 0.3296875 0.265234375 0.41529947968750003 0.2681640625 0.43645833281249996 0.2857421875 0.43645833281249996 0.290625 0.43157552031249996 0.290625 0.3296875 0.264117696875 0.3296875
0 0.289220609375 0.3296875 0.290625 0.4771484375 0.2955078125 0.48203125 0.3052734375 0.48203125 0.312109375 0.47063802031249996 0.3107453375 0.3296875 0.289220609375 0.3296875
0 0.312109375 0.3296875 0.312109375 0.45436197968750003 0.3189453125 0.4625 0.331640625 0.44459635468750003 0.33359375 0.4283203125 0.33359375 0.3296875 0.312109375 0.3296875
0 0.333986271875 0.3296875 0.3345703125 0.42994791718750003 0.3404296875 0.42994791718750003 0.347265625 0.4185546875 0.346154784375 0.3296875 0.333986271875 0.3296875
0 0.346154784375 0.3296875 0.347265625 0.4185546875 0.34140625 0.4283203125 0.3443359375 0.433203125 0.3521484375 0.433203125 0.362890625 0.4185546875 0.361779784375 0.3296875 0.346154784375 0.3296875
0 0.3626953125 0.3296875 0.36484375 0.41204427031249996 0.3580078125 0.42994791718750003 0.3697265625 0.42994791718750003 0.38046875 0.4185546875 0.377204240625 0.3296875 0.3626953125 0.3296875
0 0.37821269062499996 0.3296875 0.38046875 0.42180989531249996 0.370703125 0.43157552031249996 0.3716796875 0.43645833281249996 0.3853515625 0.43645833281249996 0.39609375 0.42180989531249996 0.3927096625 0.3296875 0.37821269062499996 0.3296875
0 0.393603515625 0.3296875 0.39609375 0.3794921875 0.39609375 0.42180989531249996 0.3931640625 0.42994791718750003 0.4029296875 0.42994791718750003 0.41171875 0.4185546875 0.40838623125 0.3296875 0.393603515625 0.3296875
0 0.4083346625 0.3296875 0.41171875 0.42180989531249996 0.4 0.43157552031249996 0.4 0.45110677031249996 0.4029296875 0.45598958281249996 0.4205078125 0.452734375 0.429296875 0.44134114531249996 0.42564275625 0.3296875 0.4083346625 0.3296875
0 0.4265797328125 0.3296875 0.42734375 0.3729817703125 0.429296875 0.41529947968750003 0.4322265625 0.42018229218750003 0.4361328125 0.42018229218750003 0.441015625 0.4087890625 0.4399609375 0.3296875 0.4265797328125 0.3296875
0 0.6390625 0.6011935765625 0.5103515625 0.6154947921874999 0.49765625 0.6203776046874999 0.49765625 0.6399088546874999 0.5181640625 0.6415364578125 0.6236328125 0.628515625 0.6373046875 0.61875 0.6390625 0.6158203125 0.6390625 0.6011935765625
0 0.6390625 0.567736234375 0.6255859375 0.5666666671874999 0.5064453125 0.5861979171874999 0.499609375 0.5910807296874999 0.499609375 0.6138671875 0.5337890625 0.6154947921874999 0.6314453125 0.6024739578125 0.6390625 0.5972464765625001 0.6390625 0.567736234375
0 0.483984375 0.5780598953125 0.4869140625 0.589453125 0.5044921875 0.589453125 0.5376953125 0.5796875 0.6236328125 0.569921875 0.634375 0.5650390625 0.628515625 0.5552734375 0.628515625 0.5422526046874999 0.6119140625 0.540625 0.4908203125 0.56015625 0.483984375 0.5650390625 0.483984375 0.5780598953125
0 0.6390625 0.50688785 0.4927734375 0.5276041671875 0.495703125 0.5422526046874999 0.49375 0.5585286453125 0.6390625 0.54064903125 0.6390625 0.50688785
0 0.8562870953124999 1 0.8349476078125001 0.900116025 0.6390625 0.5268313765625 0.6390625 0.7399666171875 0.7775435015625 1 0.8562870953124999 1
0 0.94337628125 1 0.9345141343750001 0.93353303125 0.8088298328124999 0.3886099375 0.76876129375 0.3359375 0.75307278125 0.3359375 0.7378119171875 0.3394188828125 0.7378119171875 0.48451952499999995 0.8592946359375 1 0.94337628125 1
0 1 1 1 0.979929315625 0.9517846734375001 0.4004756859375 0.94581856875 0.3364630703125 0.9429445781249999 0.3328125 0.913980665625 0.3328125 0.913980665625 0.9233927187500001 0.920537690625 1 1 1
0 1 0.534629215625 0.9718747296875 0.3828125 0.9717977906249999 0.3828125 0.9717977906249999 0.7257279765625 1 0.886652896875 1 0.534629215625