0 0.36875 0 0.34986057656249997 0 0.3015625 0.3198003234375 0.3015625 0.3415520421875 0.3238878921875 0.3438115625 0.3427346671875 0.3438115625 0.34702168125 0.333751346875 0.344627940625 0.3248413296875 0.3553033578125 0.2529793046875 0.36875 0.16853119218749998 0.36875 0
0 0.36875 0.1907854625 0.33125 0.321640471875 0.33125 0.3217365234375 0.3472761453125 0.3217365234375 0.3602206234375 0.2849501 0.36875 0.25401810937499997 0.36875 0.1907854625
0 0.36875 0 0.32722935937500003 0 0.2641287625 0.278161021875 0.23125 0.40488178281250004 0.23125 0.4133379890625 0.23506376874999999 0.4171723703125 0.2557469921875 0.4203125 0.27621917812499996 0.4203125 0.30483086875 0.3911831640625 0.3133089578125 0.358507053125 0.2964174171875 0.3503527921875 0.29557918125 0.33430525312500003 0.36875 0.0211084 0.36875 0
0 0.23339905 0 0.26391451875 0.3630278921875 0.27486777500000004 0.36431992968750004 0.294629565625 0.36431992968750004 0.33730812656250003 0.352517534375 0.341830196875 0.344836178125 0.3386097640625 0.284214615625 0.31457433749999997 0 0.23339905 0
0 0.20610879375 0 0.1890625 0.366165875 0.1890625 0.3863701828125 0.1927278390625 0.38988985625 0.22223614062500002 0.388293434375 0.2528248890625 0.370068021875 0.2528248890625 0.3602303546875 0.2484221921875 0.3529761171875 0.2360691609375 0.36086914999999997 0.2304212140625 0.3578402203125 0.2282315203125 0.3479552203125 0.24512030624999998 0 0.20610879375 0
0 1 0 0.9432197203125 0 0.9333236656250001 0.054704949999999995 0.9308328671874999 0.057607549999999993 0.9013959234375001 0.2203336640625 0.898905125 0.2232362640625 0.8953125 0.24309613593749999 0.8953125 0.2505835375 0.897772884375 0.2566612921875 0.9607128078125001 0.264076196875 0.9677040953125001 0.264076196875 0.9707984 0.26047031249999997 0.996272678125 0.11964963749999999 0.9987634765625 0.1167470359375 1 0.10991158906250001 1 0
0 0.9059004046875 0 0.930202640625 0.2536326671875 0.95578701875 0.255305028125 0.9718842468750001 0.24961017187499998 0.9620055624999999 0.10125174374999998 0.9537353984374999 0 0.9059004046875 0
0 0.799004240625 0 0.8643407625 0.2210472578125 0.875852603125 0.257538903125 0.8782187468749999 0.25965185625 0.9004220531249999 0.25965185625 0.9492303015625 0.2487984921875 0.9576069921875 0.2431730140625 0.958968815625 0.23783620625 0.8888870125 0.009246520312500001 0.8860150625 0 0.799004240625 0
0 0.67447146875 0 0.624547825 0.1973826078125 0.6234375 0.2035639609375 0.6234375 0.211843159375 0.625120921875 0.214744915625 0.6674922640625001 0.241933046875 0.6724838078125 0.23743753750000002 0.7316064156250001 0 0.67447146875 0
0 0.57485236875 0 0.5436787781250001 0.0940771515625 0.5224782171875 0.1627872671875 0.521875 0.16845301875000002 0.521875 0.199165275 0.5581967640625 0.22786626718749997 0.5671145640625 0.22794503281249998 0.5778629421874999 0.2015144796875 0.648016925 0 0.57485236875 0
0 0.473040715625 0 0.4296875 0.2380062546875 0.4296875 0.254739815625 0.4844831640625 0.264083925 0.4993543265625 0.264083925 0.5462634265624999 0 0.473040715625 0
0 0.4088038078125 0 0.36875 0.1304006953125 0.36875 0.2638414 0.41217700468749996 0.2638414 0.4939980765625 0 0.4088038078125 0
0 0.36875 0.459375 0.3246767078125 0.459375 0.2671178140625 1 0.330077053125 1 0.36875 0.618634584375 0.36875 0.459375
0 0.27832561093749997 0.459375 0.1844273671875 1 0.25965091406249996 1 0.3535831671875 0.459375 0.27832561093749997 0.459375
0 0.27179704843749997 0.459375 0.10444612499999999 1 0.1748411140625 1 0.337436134375 0.47064948125 0.337436134375 0.459375 0.27179704843749997 0.459375
0 0.159700215625 0.459375 0.019430534375 1 0.093182484375 1 0.232098525 0.459375 0.159700215625 0.459375
0 0.0210542828125 0.459375 0.0535844875 1 0.139153015625 1 0.1090835359375 0.459375 0.0210542828125 0.459375
0 0.9136597640625 0.459375 0.9205359109375 0.495294353125 1 0.8681431187499999 1 0.535869940625 0.9833275765625 0.459375 0.9136597640625 0.459375
0 1 0.459375 0.947567884375 0.459375 0.8802208078125 1 0.9599560890625 1 1 0.672269884375 1 0.459375
0 0.9160024109375 0.459375 0.8221757531249999 1 0.8884675015625 1 0.9497360531249999 0.661310165625 0.9497360531249999 0.459375 0.9160024109375 0.459375
0 0.7500227374999999 0.459375 0.8015691 1 0.861815346875 1 0.8072445187499999 0.459375 0.7500227374999999 0.459375
0 0.590625 0.459375 0.590625 0.6268954890625 0.7092818718749999 1 0.8005799390625 1 0.626948203125 0.459375 0.590625 0.459375
0 0.6097844921875 0.459375 0.6010544890625 1 0.6785234875 1 0.6859375 0.5780280687499999 0.6859375 0.459375 0.6097844921875 0.459375
0 0.5509484390624999 0.459375 0.49338954687500003 1 0.55584270625 1 0.6106656171875 0.459375 0.5509484390624999 0.459375
0 0.5113190734375 0.459375 0.41742082812500003 1 0.4926506671875 1 0.58658291875 0.459375 0.5113190734375 0.459375
0 0.5183771328125 0.459375 0.36875 0.9427435234375 0.36875 1 0.421182059375 1 0.5530611343749999 0.57064948125 0.5530611343749999 0.459375 0.5183771328125 0.459375
0 0.401271053125 0.459375 0.36875 0.5847170859374999 0.36875 0.8667193624999999 0.47341897656250004 0.459375 0.401271053125 0.459375