0 0.14453125 0.8970424109374999 0.134765625 0.3362165171875 0.2470703125 0.33482142812500004 0.251953125 0.330636159375 0.251953125 0.31389508906249997 0.2470703125 0.30412946406249997 0.1259765625 0.1953125 0.1123046875 0.1953125 0.109375 0.2106584828125 0.05078125 0.9305245546875 0.048828125 0.9946986593749999 0.0673828125 0.99609375 0.1005859375 0.9598214281249999 0.1123046875 0.9402901781249999 0.1396484375 0.9151785718750001 0.14453125 0.8970424109374999
0 0.14453125 0.8384486593749999 0.150390625 0.9891183031249999 0.1572265625 0.99609375 0.2607421875 0.99609375 0.265625 0.9891183031249999 0.265625 0.9500558031249999 0.25 0.3836495546875 0.251953125 0.33900669687499996 0.2490234375 0.33482142812500004 0.1396484375 0.33482142812500004 0.134765625 0.341796875 0.134765625 0.37806919687499996 0.142578125 0.5929129453125 0.140625 0.7184709828125 0.146484375 0.7407924109375 0.14453125 0.8384486593749999
0 0.306640625 0.986328125 0.29296875 0.3976004453125 0.2998046875 0.38783482187499996 0.328125 0.3836495546875 0.2919921875 0.34319196406249997 0.2783203125 0.34040178593750003 0.25390625 0.34737723125 0.251953125 0.3752790171875 0.26171875 0.645926340625 0.267578125 0.9891183031249999 0.2705078125 0.99609375 0.3037109375 0.99609375 0.306640625 0.986328125
0 0.3115234375 0.99609375 0.3427734375 0.99609375 0.345703125 0.9919084828125 0.345703125 0.9305245546875 0.33984375 0.7882254453125 0.333984375 0.42829241093750003 0.369140625 0.42271205468749995 0.3310546875 0.38783482187499996 0.296875 0.39202008906249997 0.294921875 0.42550223125000003 0.30078125 0.5203683031249999 0.30078125 0.643136159375 0.30859375 0.8412388406250001 0.306640625 0.9891183031249999 0.3115234375 0.99609375
0 0.3642578125 0.46037946406249997 0.3896484375 0.46037946406249997 0.390625 0.447823659375 0.3603515625 0.426897321875 0.3388671875 0.426897321875 0.3359375 0.43108258906249997 0.34765625 0.9919084828125 0.3681640625 0.99609375 0.375 0.9919084828125 0.376953125 0.97237723125 0.361328125 0.47293526874999997 0.3642578125 0.46037946406249997
0 0.44140625 0.47293526874999997 0.4384765625 0.465959821875 0.4248046875 0.46037946406249997 0.3642578125 0.46316964218749995 0.376953125 0.9835379453125 0.3798828125 0.9877232140625001 0.4501953125 0.9849330359374999 0.453125 0.98074776875 0.453125 0.8523995546875 0.44140625 0.47293526874999997
0 0.4970703125 0.9933035718750001 0.515625 0.9835379453125 0.50390625 0.32505580312500004 0.4990234375 0.31529017812500004 0.4892578125 0.3125 0.4482421875 0.31529017812500004 0.44140625 0.32505580312500004 0.44140625 0.37806919687499996 0.455078125 0.9612165171875 0.4580078125 0.9877232140625001 0.4677734375 0.9933035718750001 0.4970703125 0.9933035718750001
0 0.5693359375 0.9821428578125 0.580078125 0.97237723125 0.56640625 0.41434151718749995 0.5634765625 0.407366071875 0.5224609375 0.41015625 0.51953125 0.42271205468749995 0.5234375 0.43108258906249997 0.525390625 0.5036272312500001 0.533203125 0.9779575890625001 0.5537109375 0.9849330359374999 0.5693359375 0.9821428578125
0 0.533203125 0.9835379453125 0.533203125 0.9109933031249999 0.5234375 0.43108258906249997 0.5146484375 0.42410714218749995 0.5078125 0.42829241093750003 0.505859375 0.47293526874999997 0.513671875 0.724051340625 0.515625 0.947265625 0.517578125 0.9835379453125 0.5283203125 0.9877232140625001 0.533203125 0.9835379453125
0 0.6103515625 0.9821428578125 0.6259765625 0.9737723218750001 0.62890625 0.966796875 0.61328125 0.46735491093750003 0.61328125 0.330636159375 0.6064453125 0.3264508921875 0.5673828125 0.32924107187499996 0.544921875 0.3669084828125 0.544921875 0.400390625 0.5634765625 0.40457589218749995 0.568359375 0.419921875 0.58203125 0.97237723125 0.5927734375 0.9821428578125 0.6103515625 0.9821428578125
0 0.708984375 0.98074776875 0.708984375 0.9137834828125 0.693359375 0.39481026875 0.6689453125 0.38783482187499996 0.6201171875 0.39341517812500004 0.615234375 0.400390625 0.615234375 0.46177455468749995 0.630859375 0.97237723125 0.6494140625 0.9933035718750001 0.6982421875 0.9905133921875 0.708984375 0.98074776875
0 0.7109375 0.9779575890625001 0.7236328125 0.9905133921875 0.7451171875 0.9905133921875 0.75 0.9835379453125 0.75 0.966796875 0.732421875 0.36411830312500004 0.7275390625 0.35993303593750003 0.6982421875 0.36272321406249997 0.6689453125 0.38225446406249997 0.66796875 0.38922991093750003 0.6748046875 0.39899553593750003 0.6865234375 0.390625 0.6923828125 0.39341517812500004 0.6953125 0.403180803125 0.7109375 0.9779575890625001