0 0.03125 0.59389860625 0.0791015625 0.5923063875000001 0.08984375 0.57479195 0.087890625 0.5206564203124999 0.0009765625 0.522248640625 0 0.59389860625 0.03125 0.59389860625
0 0.00390625 0.6766941234375 0.0927734375 0.6687330171875 0.09375 0.609820821875 0.0908203125 0.6018597156250001 0.0009765625 0.6018597156250001 0 0.6766941234375 0.00390625 0.6766941234375
0 0.041015625 0.7531207546875 0.0908203125 0.7483440890625 0.1015625 0.7308296546874999 0.099609375 0.6989852234375 0 0.7021696671875 0.0009765625 0.7547129765625 0.041015625 0.7531207546875
0 0.0078125 0.877314028125 0.1064453125 0.8661684781250001 0.109375 0.8168096125 0.10546875 0.7626740828125 0.0009765625 0.770635190625 0 0.877314028125 0.0078125 0.877314028125
0 0.029296875 0.9696628734375 0.1083984375 0.9617017656250001 0.115234375 0.9473717734375 0.111328125 0.87094514375 0.0009765625 0.87890625 0 0.9696628734375 0.029296875 0.9696628734375
0 0.0810546875 0.27067765 0.072265625 0.27863875625 0.072265625 0.288192084375 0.1171875 0.950556215625 0.1220703125 0.9648862093749999 0.14453125 0.9664784296875 0.169921875 0.953740659375 0.169921875 0.899605128125 0.13671875 0.294560971875 0.134765625 0.27226987187499996 0.1240234375 0.261124321875 0.0810546875 0.27067765
0 0.259765625 0.2117654546875 0.2548828125 0.206988790625 0.134765625 0.2149498984375 0.171875 0.950556215625 0.1787109375 0.9585173234375001 0.201171875 0.9569251015625 0.2353515625 0.9521484375 0.240234375 0.9441873296875001 0.216796875 0.33277428750000004 0.2216796875 0.31525985 0.259765625 0.291376528125 0.259765625 0.2117654546875
0 0.21875 0.32640539999999996 0.22265625 0.49199643281250005 0.240234375 0.9441873296875001 0.2431640625 0.9521484375 0.26953125 0.950556215625 0.2734375 0.9473717734375 0.2734375 0.880498471875 0.259765625 0.3041143 0.2490234375 0.299337634375 0.2236328125 0.31525985 0.21875 0.32640539999999996
0 0.2646484375 0.21654212031250003 0.259765625 0.2245032265625 0.259765625 0.3550653875 0.275390625 0.9473717734375 0.2841796875 0.9617017656250001 0.310546875 0.9601095453124999 0.328125 0.950556215625 0.330078125 0.9218962296875001 0.3203125 0.3709876015625 0.32421875 0.24042544062500001 0.3173828125 0.2197265625 0.2646484375 0.21654212031250003
0 0.330078125 0.9346340015625 0.33203125 0.9473717734375 0.341796875 0.953740659375 0.3544921875 0.9521484375 0.357421875 0.9441873296875001 0.3544921875 0.29615319375000004 0.3427734375 0.29615319375000004 0.32421875 0.320036515625 0.330078125 0.9346340015625
0 0.357421875 0.21813434062499998 0.359375 0.9473717734375 0.3642578125 0.9553328796875 0.400390625 0.953740659375 0.4140625 0.9441873296875001 0.416015625 0.91552734375 0.419921875 0.21813434062499998 0.4169921875 0.21017323437500002 0.3681640625 0.206988790625 0.357421875 0.21813434062499998
0 0.419921875 0.9410028875 0.4306640625 0.9521484375 0.470703125 0.950556215625 0.4765625 0.9282651156249999 0.482421875 0.323220959375 0.4716796875 0.299337634375 0.4267578125 0.29615319375000004 0.421875 0.30729874375 0.419921875 0.9410028875
0 0.4697265625 0.1974354609375 0.46484375 0.22131878437500002 0.46484375 0.2818232 0.484375 0.320036515625 0.478515625 0.9346340015625 0.4912109375 0.9553328796875 0.515625 0.953740659375 0.52734375 0.93781844375 0.529296875 0.8900518 0.54296875 0.22131878437500002 0.5390625 0.20539657031249997 0.5283203125 0.1974354609375 0.4697265625 0.1974354609375
0 0.5380859375 0.9489639953125 0.546875 0.9473717734375 0.5693359375 0.9394106656250001 0.576171875 0.91552734375 0.58984375 0.32958984375 0.5439453125 0.299337634375 0.53125 0.93781844375 0.5380859375 0.9489639953125
0 0.591796875 0.32958984375 0.578125 0.9282651156249999 0.5927734375 0.9553328796875 0.611328125 0.953740659375 0.623046875 0.9346340015625 0.634765625 0.20539657031249997 0.5478515625 0.2006199046875 0.54296875 0.22131878437500002 0.54296875 0.291376528125 0.591796875 0.32958984375
0 0.6328125 0.30729874375 0.625 0.9282651156249999 0.6357421875 0.9521484375 0.65625 0.950556215625 0.6650390625 0.9489639953125 0.669921875 0.9346340015625 0.67578125 0.320036515625 0.6650390625 0.305706521875 0.6376953125 0.29296875 0.6328125 0.30729874375
0 0.6435546875 0.22291100468749997 0.63671875 0.2308721125 0.634765625 0.2818232 0.6435546875 0.29615319375000004 0.67578125 0.31366762812500004 0.673828125 0.6544030234375 0.6875 0.7658585265625 0.75 0.931449559375 0.7646484375 0.9521484375 0.775390625 0.950556215625 0.8056640625 0.9394106656250001 0.80859375 0.9187117875 0.724609375 0.2085810125 0.6962890625 0.206988790625 0.6728515625 0.2197265625 0.6435546875 0.22291100468749997