0 0.4984375 0 0.4984375 0.2290230953125 0.66699721875 0.65 0.6796875 0.65 0.6796875 0.5227665796875 0.6722369687499999 0.31103333125 0.6510706374999999 0.0691010640625 0.6498890296875001 0.06420802812500001 0.643538534375 0 0.4984375 0
0 0.36967679531250003 0 0.49299958125 0.6396604859374999 0.491614684375 0.65 0.6336940328125 0.65 0.6096187296875 0.529965871875 0.48047013906249997 0 0.36967679531250003 0
0 0.1598508515625 0 0.43131414531249995 0.65 0.5573091812500001 0.65 0.5650437296875 0.64561959375 0.581307175 0.629015178125 0.581307175 0.61136023125 0.5150167109375 0.46414915 0.288756571875 0 0.1598508515625 0
0 0.15623566093750002 0 0.17829429375 0.65 0.3209348046875 0.65 0.323142634375 0.6468275328125 0.323142634375 0.6060952171875 0.2753173671875 0 0.15623566093750002 0
0 0 0 0 0.65 0.086676009375 0.65 0.11423265468749999 0.6423778515625 0.1280107109375 0.6271618609375 0.1029096703125 0 0 0
0 0 0.5422696593749999 0.0088091 0.5686813484375 0.0244269390625 0.5717883859375 0.029139371874999997 0.5717883859375 0.0954862734375 0.5195787562499999 0 0.262045496875 0 0.5422696593749999
0 0.8842213640625 0 0.8258083484375 0.0108193421875 0.8234375 0.015542164062499999 0.8234375 0.02428799375 0.8300448906250001 0.0804492078125 0.9028886249999999 0.65 0.9850879406249999 0.65 0.9051172421875 0.012519965625 0.8939644437500001 0 0.8842213640625 0
0 0.8483325718750001 0.65 0.90625 0.34100641249999997 0.90625 0.0203125 0.9059597437499999 0.0203125 0.8594472109375 0.255733703125 0.8393779265625 0.3869526671875 0.7886601437499999 0.65 0.8483325718750001 0.65
0 0.6796875 0.65 0.7448059984375 0.65 0.858473753125 0.0146882125 0.8473943265624999 0.0056135 0.8234939609375 0.003125 0.808011475 0.003125 0.8002403203125 0.004580131249999999 0.7954163796875 0.0142742046875 0.6796875 0.6464946296875 0.6796875 0.65
0 0.6796875 0.65 0.7536414609375 0.65 0.6796875 0.23331436874999997 0.6796875 0.65
0 0.26945709375 0.65 0.1859375 0.829145975 0.1859375 0.864783140625 0.21205738749999997 0.8915122359375001 0.226696846875 0.9192736515625001 0.253517171875 0.8771935296875 0.3619648015625 0.65 0.26945709375 0.65
0 0.178225634375 0.65 0.075 0.9438233281249999 0.075 0.9561147484375001 0.07525215156250001 0.9615742140625001 0.11009953125000001 0.984743178125 0.131415296875 0.984743178125 0.137188365625 0.9747724453125001 0.25984274375 0.65 0.178225634375 0.65
0 0.043524984375 0.65 0.059501000000000005 1 0.141583625 1 0.1329512796875 0.65 0.043524984375 0.65
0 0.7021553796875 0.65 0.684375 0.790299046875 0.684375 0.7923041171875 0.6899788828125 0.799772678125 0.7409184484375 0.8061074203124999 0.759526290625 0.8061074203124999 0.803821171875 0.7620292609375 0.810090434375 0.71522348125 0.7730099546875 0.6993808875 0.7930512046875 0.65 0.7021553796875 0.65
0 0.6796875 0.65 0.6796875 0.8023489406250001 0.684779696875 0.8045324015625 0.6912703578125 0.8045324015625 0.7525448078125 0.7945273875 0.7347543875 0.65 0.6796875 0.65